262980011,903469
95575953,3802408
707981049,143911
-368862687,558306
-99299134,3644421
-610563927,881218
-1079048875,44602
1577251338,75661
-2478247142,10612
-512414095,959273
-58779739,8149494
398916323,907394
1842434494,03173
2063432958,96406
-1325041394,00205
-162882151,081611
618304566,376129
-602780537,397121
2488351008,53453
-1496720132,49564
-10395055,362262
-394534306,09278
295662348,961752
-1132436348,90739
554223403,54487
-494083223,695729
222416816,429804
269275312,082202
278206963,22119
20001507,2176148
277868789,06508
373993258,58412
-159121700,432499
-409471749,557802
-883562776,15839
-781428240,512708
210502467,713608
448616290,309517
178058411,529562
-371941533,495646
97888717,1665438
-62069369,141678
89098148,2942958
11901350,4080649
-396124807,645161
204688545,403685
-20122602,2086732
-138498602,687905
86704987,4948541
75427264,3277244
243737925,188766
-166502,351904034
-22986727,6421185
19957707,0139288
-11513889,3655976
1364126,22109649
-1486869,83920109
-1297422,35440505
124862,89850787
379360,312248455
25739781,8673169
8382969,53724397
148847318,171398
-60269302,0902049
-97069875,4479583
98628923,1000916
-789470885,531917
-1019385623,60957
-667796173,170672
-558854008,353542
-174925397,855929
-426440982,356408
743227369,082052
-41205477,906963
-374891183,038821
869333945,445042
-875934303,446956
140645567,454397
120140845,27451
1674846259,67842
-954008670,270858
839761676,752686
-37622684,3894029
146476115,145962
1121967643,20517
-1023535113,41492
158416090,444177
-194818076,291564
-406841061,507327
2136996400,10129
165738834,979263
-47321064,0495969
850747466,748716
446860667,975969
-34204743,4572414
523277357,677163
66104992,9116327
-296116063,702957
233684101,691329
258770778,691532
-93053310,0437381
229476359,061577
-119111802,186635
13524622,3645821
20622382,9815398
74949184,0162505
3270260,08821201
-86095772,2783952
119804404,0515
644087052,673021
95146971,0219799
6343321,17852377
14924461,2763375
55677110,8997222
-6097249,13889365
149202,718917813
276240,618393078
-446773,02410642
-313554,9779421
-41854,5290330599
277045647,861881
261381636,838506
200115193,665557
48324690,7614287
-702379884,159647
-519262251,900534
-540601442,191661
761069323,861837
401506432,316821
-245146165,4309
-563585934,626697
106156050,449468
-1039143710,90171
-1707623686,94327
783245215,082438
-714978338,054551
-185665298,542152
112621338,027496
232150594,155314
2276454521,51186
167362732,765004
-113488920,93691
1422372778,4659
1539008513,04391
354807865,546203
24878273,7759472
-251135231,897777
-149169437,560476
-560860595,032044
338545883,263672
-31692270,6593345
639742304,594537
-946386167,32606
113406139,475639
833316241,837827
-17872713,1480154
504321163,214521
135593948,761755
57854623,8878166
1270570143,63703
104362800,905227
-84843812,9349793
171941155,496824
139322351,943688
-8848344,43917447
193320043,421876
534198087,622488
-138171188,545834
-101293872,723532
521048842,175239
70791908,7516813
-4214792,27688954
76841328,7075048
107186639,808825
10813760,9449137
-6399622,69240719
182493,704846013
-831901,198491789
17137,7578288822
218014,468178835
-38054202,9266456
-405317066,259418
-888251723,531317
-1537051649,09418
-851619104,675272
1427860291,0145
1054963964,42742
452051439,41093
-241520387,712897
621961700,867181
70204667,3728606
200678827,006362
1037826812,82998
-149165717,167907
727316351,698472
762825417,578732
-794960116,844638
-12355246,9909112
-351811162,246583
785612559,657946
-670315136,968114
839527921,930511
681108530,423268
403778261,729053
-388038743,893142
-373485463,409402
-32823787,5577417
-767665598,821854
-1520150949,90964
355427898,444253
320560419,037547
-364961463,420744
-570209730,832292
-18540779,0218824
477376144,053945
464084349,952422
120066665,281079
152136370,757613
-888982914,328262
510376918,466127
-774514113,8244
-160291736,748986
-299892886,118454
-191875555,741914
-189546717,832967
71467480,5082932
-9753127,61992303
552095882,201114
73009484,2843923
483295701,943266
138232211,921237
70989851,7746054
67191962,8919507
79073952,829629
-15294042,1697079
-4659886,26216018
2561065,90481284
-421734,221310889
-175559,802346345
225327,725311233
142814620,568042
3532691,93696136
204180530,168706
-1102248067,85286
952608351,894742
1028717362,02571
48844239,6883226
-107745447,952131
-959352743,205245
465361650,884114
-560224962,462364
514101080,848855
271955077,93813
2555978115,59178
-239232316,629482
208608876,51198
193993873,328287
-279809768,902502
629981733,292132
997368801,996877
2024867,87189473
-528275053,886142
-518723977,736346
-917791068,572965
228612465,057691
677923258,96605
-410214999,123522
728909458,865601
8926033,91767494
699969227,204999
555350254,137864
-439672276,154979
-230644608,054564
-812172616,856401
-343940726,226574
-319067598,70762
467224282,70572
80128958,964258
1195518477,66641
699267637,182529
-113255098,681095
135167252,784469
12008040,1406024
-467487983,150632
-241805077,661809
686371628,141555
465188146,109818
-88229923,8283415
149616062,568624
656647035,780353
309746058,512216
-169475872,249535
-12777233,5528175
50128088,5030105
-50793221,7058115
-4598414,82274681
1986730,89434302
-2145433,34869419
104912,362489695
-75531,6246824604
-316309748,246179
-197770047,328432
96436379,3350468
1344769138,18823
288654116,042896
161928293,453083
-558773991,314784
-1112625923,57358
-1476936424,83823
-157720272,90467
-660629908,365416
209657862,114318
588122409,46617
-136941837,114829
-19577373,8107623
1502192574,12926
305608975,106183
884387550,292943
121089112,780087
-236588206,311698
-765685515,091152
376867451,51334
250148611,919719
-1038411929,69171
585242137,487075
-184392791,269199
937067559,108535
162939657,616323
1257324565,1817
401298601,754078
-576296007,777702
-111233016,94788
-396465637,057614
-110854664,863995
-248528237,521077
587429243,352506
-233331190,430713
-469767842,264366
107249486,919559
-1029087495,32497
-393345595,052232
463342383,432519
764760160,78957
-14558352,6164681
-413219471,012919
128250618,436499
230205130,903462
-210878169,451323
721838249,845834
-129704372,216181
131184814,149741
-320383202,658536
3177108,98505783
-25489509,3843952
-15146538,7052017
4234459,44599259
797097,081811759
-1116251,91773517
-355781,261877505
84746,70146101
44179902,2565603
367017844,535518
693135915,23012
1543144376,14594
-28920229,6095548
414753233,77936
-112284204,012347
504136759,556435
976217645,091759
1310317854,80383
474415871,746928
718664816,978831
-771054182,363433
-523107134,471856
1431436009,70788
473372184,662415
694465160,630895
257660115,858319
428659617,716417
1155319684,97073
1320924042,93487
60674325,8335227
111808540,253614
825911193,659686
225552683,1175
221551879,698016
-596336905,460063
-545110776,333503
537844413,567872
574336286,944282
-413717914,519644
-629908971,105135
271945906,209594
643088411,83382
-495890759,480489
-216397082,446488
413618432,765433
429136793,991375
-140580604,767176
1120728604,38542
-742702563,084854
-439079198,698306
-101698534,251313
318042859,58451
-139428146,283085
649682665,529646
417933263,571321
314536754,189973
-511643650,067209
1106034538,33831
-229581809,021249
-236084256,406487
-26784240,6659114
-20947984,3858147
-32356457,3611211
5732232,45138028
-1396848,27893674
-779614,236036866
376734,326097885
-239190,996903389
-3421548,1456074
-92478850,0074292
-261272243,393201
-372929970,423641
-71608361,3112021
-689563283,113816
-1079490578,69942
-408335080,101984
-3125238430,04047
1249515239,76326
-854344993,028273
-686282940,125786
-127805046,207108
-271886592,44661
-244543849,609736
-412172500,357473
-111145953,08371
-842127930,618223
-1848062757,0833
933583690,036541
604728300,561549
6317188,18261653
486480703,919683
964960012,017177
-923639144,239259
-187895489,434477
169469513,203923
-24579534,2957576
-2445193490,16357
-303938842,926568
-835587468,59065
614553678,449261
-241993368,711823
-738255181,925812
56119218,9960129
925106438,840701
465406937,36605
146336066,492394
-689098752,215022
183964747,107966
114486821,480166
-322636220,823898
-602997281,514807
64129002,3199425
290360425,32223
118230299,55132
-36425877,2374189
-166103395,317832
84331203,3067757
-412563938,638579
-74337466,7304552
-406060863,565652
-67484620,9849688
-42302433,7873667
6973593,12948007
80464,7804295859
-4113904,69177941
347511,469063471
-101620,190106418
554104,085694652
-125710743,562313
338855858,786265
-454081069,427972
-687487049,128803
13024947,168029
275186350,516372
-264345998,905258
-261035234,300961
911844809,092341
-2839473419,46184
-1830233881,52293
113859416,684421
445377728,350969
-1570227966,80083
-153019640,37912
-457500036,753146
347995889,634235
2674147,35294109
-247396141,863853
-229132946,596891
-629167097,372717
-837975215,045197
-480294805,693001
111067294,794917
-717538329,282202
583955798,131737
728144276,011522
-3905373,72021069
975897810,928918
336884902,012241
-31838614,398988
-688049446,286222
343884259,698122
742697835,240143
487389567,301035
-408539254,150727
-430818544,729797
230222677,42181
2305872125,00799
2071010381,81229
-380760179,504628
-176374438,904545
209774139,526201
-338325160,288529
86692405,7201493
319564620,592549
96246132,463078
-58497780,8114904
2187132575,15506
3486078646,94241
13544951,9189726
-436364565,472005
-55703432,0548567
-127229896,970897
101819380,844303
-14179010,4249594
944189,56980859
-967236,46338516
-334082,526169836
653293,944584104
211036823,992407
-527323034,804253
281131819,683448
-1110509246,92941
-67178433,4304566
-385489160,665473
102655154,804673
621282589,302045
-1057508335,03772
12171938707,9135
682459315,13472
668099208,837906
-372464518,814812
177711428,585985
-988954038,477612
429127817,408315
349858664,26589
-380325696,281583
-825709518,416175
15363395860,4312
-1254960514,07032
-305222674,562271
487237218,695825
806094861,233589
151145958,144116
652280948,464255
-4042620,25770341
159264597,392349
75258567,8832925
17048755355,1061
-1434445131,52932
737238256,112219
-179260312,021787
-16141793,8499485
-955214944,715904
-261004143,546344
214907886,509898
-353826633,635993
-306280039,587082
16632136836,7226
-1164511063,33837
-43404072,1708688
623592840,16775
-89014792,7596278
209525664,632128
-262098010,789861
41721020,4156656
425876616,363697
-1224784463,53108
13726871714,1403
-1829042659,96962
40124945,0822618
-107561639,43176
-42781407,6876911
-14776499,426659
3721232,00193125
382858,913840259
-698699,558533073
29205,4641364816
35878,3121946196
-360486597,19478
281007297,784452
-297664754,419897
940737060,915929
1155256751,66703
1035531904,79314
-58817521,2283989
-850363871,035675
-2732349954,5186
-1415722081,84264
3104361202,91234
-1200290266,6405
490131395,284094
1190455492,83624
-590848491,110757
1008112712,19627
323480711,714399
615359580,368393
-1001441141,92269
-2037891708,40709
2111095730,48524
-351435036,833408
-437652058,573142
-796669904,923582
158852438,851341
53234669,7698728
-304103712,85377
-1740363137,28046
-826061983,51277
-73933017,9040804
1501786049,37794
-172211332,038062
367449262,688172
-1095118185,58604
-371797569,621335
-243648693,057121
-142619376,582775
677953403,391453
-1062839445,58479
1965057038,53817
1260917535,94523
542849084,868872
-572331632,069268
453725726,802691
60030385,4198569
41289207,816193
-188841064,845474
-152465437,019979
-993122355,313209
3672858445,49191
18875390,5540942
8529644,16145318
-46224007,0724958
-49114302,6761546
6305772,42394101
8848165,20498577
-5286409,30416865
-2623187,49468088
-291319,097244576
14528,0466753514
276196091,081246
2757233,84409144
706022521,459777
1364205168,49774
-813564282,204703
157346543,948764
1104978536,52771
443110498,929214
296278122,334697
2927945129,00623
-1885264405,69218
-59978588,1716219
-344269600,33039
-201095961,768067
-24017201,5474203
344988240,287203
-687923230,679448
-812364535,601576
130717464,181114
150219839,762304
-130951031,914919
34147558,2987596
-392593313,710606
-164489119,583227
1263550163,64032
921524586,168247
380249078,891767
1326088510,04964
-215864115,305066
183204385,944074
-331997113,943519
-185549024,715695
-766494600,890826
-248696194,062084
319374787,573891
-18015151,379219
-284053708,173203
-458396572,148184
272582075,891665
-583272998,763635
343951582,951233
-472279641,369249
-91256022,3429334
530534786,383652
-123667582,716469
-643679411,812171
-180067329,973353
-212730259,031783
588289485,060629
-803482807,601458
427182878,683424
-267546080,911406
86736521,8304912
49683320,7973372
28298075,0692209
6553875,37314514
-874686,737614179
1236713,51263202
2290450,35675446
90946,5131022261
-18366131,3861898
-359064019,122838
-362503886,316597
-1312040284,55358
-48120900,8099159
823895335,360379
93665497,822933
-648222159,902381
740341514,993753
-64190258,6088666
-1280243803,71443
-737404824,356082
174282516,939484
-3686690,75200091
1198459581,2874
1112487050,23723
513891408,077739
798805973,959374
124005149,229062
904033383,577565
-610920456,78277
-602905216,159488
349597447,459111
-411320850,349191
646508217,899301
-832793675,63176
-590971183,485802
-156870168,393926
858733814,587512
2465643671,76932
384077905,170389
156167643,664465
489294392,14227
-170210486,480563
478831272,469313
-362988183,007342
245561489,224537
339002669,36404
354446693,945372
1788060236,93003
316923002,704164
54470552,2099213
139885063,659698
-279343331,954
-208139522,562287
-520946906,683039
-354779360,336545
337244411,217253
666417052,546859
1705757406,79385
-126770593,401135
306766167,575171
18392223,3474572
37689643,0690145
-7795936,43764521
5862370,12763709
-369831,844514949
-899582,005662287
-1256002,49591361
-34993,5444591493
-144644069,20887
294772092,693893
-506595830,169746
-350760287,136683
815898084,046174
501534685,081859
219773390,68157
-647311355,194585
408805397,475876
-1006306804,04521
502674672,772787
1042044471,21398
-238301451,204862
-1512187900,96489
650362065,10518
-275357147,5034
230288769,510694
373193604,211526
-143621684,209707
-132428812,843897
519710006,143185
998777548,043049
367641734,828198
559390794,187183
-246569309,743034
-459023520,907528
-210726103,309726
-124005349,944738
1192686045,49636
664760219,299515
-386772293,920372
578644777,365995
166798984,256498
1323944920,4915
-229212668,274488
-228939588,767778
-167161851,157405
330345246,603827
741647009,819878
-550741858,969158
-539747990,896746
314811215,377406
-129705078,998316
-164761677,043237
-595246436,234257
-696892668,848013
-3761166,65403974
10029060,3595449
248975920,697091
206144817,946785
989834413,442217
28726037,7753331
8457312,94170921
62053348,7353279
-1900566,70415963
-15290773,3385542
-1391243,70622496
1838049,83808206
1815014,11906306
336216,452842524
92320230,4380597
-322809118,691521
550397943,691045
-657126975,817172
961642924,408889
-179925693,418595
209822280,628843
654259416,735053
194360580,746884
-40095920,1878909
203822456,099109
-691295962,884875
-28721383,8038499
576799332,039806
1550476570,25535
-378744794,622669
-116533123,617399
-725622219,690747
1043525128,48848
-422296480,287114
228680036,423684
-440054309,00768
-390473888,074718
456407539,858776
-762886509,790697
-713966453,270894
221907642,173516
157627135,711029
-180800917,16474
-391803513,472301
769357782,95236
-372093160,066627
-4253386,84499189
-304756453,83914
-59887805,1824103
-430846426,628079
489110061,907456
-287739984,771641
-858395283,676763
-164917778,664241
-589574955,59685
-177029632,595927
-162502223,564378
121619477,78174
-890493812,411443
148459334,460952
20447768,8629471
238241814,72746
-545841379,492939
118835540,52322
-589826201,238337
124067641,286747
35073586,0967314
101326573,723842
12546037,8165628
4985588,6027021
464174,677868892
1129396,95462496
-626331,841631637
92824,4608484808
-18779544,4772148
38077567,3340289
-469017240,474324
710497049,868377
-134615850,70909
-954861012,231936
-662121025,901144
-819819623,01335
73732087,2064323
148572529,210612
380083752,116813
1264185500,67466
-40242760,5951507
55522220,868852
-1359457,00810437
-393659381,674569
818613013,228664
917760350,430309
-1019796392,13174
-769938822,441037
117341441,235638
-713498109,84319
433855370,801704
-1039415601,56789
-162075405,614065
691906996,651798
28658294,8920156
551440062,461945
-1825653496,71647
56779821,7927911
162099888,106458
480285558,195535
147085317,189832
1045817575,15874
-454433832,296079
127228096,541443
109902608,965231
203830580,011535
674575976,036102
-771745684,740344
346419954,382696
140791684,918196
122517813,322367
819885027,410994
-614358035,404331
274754981,760474
416750912,599198
36482866,5946814
732045056,294779
-232559759,701648
82724893,6209639
-174823220,252416
4591915,76024469
25044158,7922563
10019297,9077025
-7109860,75908402
1467825,65693508
676148,512268542
-284963,83789626
-68399,3467629627
-22000733,8699389
31272091,249007
886201661,15805
449899515,377502
-325589516,659068
383712439,331585
414723847,911233
-285281534,190414
-1119570204,58009
209943330,397825
367757295,17775
-364960404,43424
107221843,905033
104992798,003156
569740870,329805
-4999611,28029907
33841144,8353913
855444403,730386
468723209,064267
-170697081,616542
932914196,495703
717691277,695151
-1476750073,79844
88722960,8090983
590454661,84052
792459681,714645
288302473,537086
-474443294,322641
1847930244,11503
-538952277,645259
-355243899,138673
-497396785,558445
-422535076,946782
-2146242203,17879
-262746802,359046
577786682,553572
320820980,213308
-249166011,691376
447242588,657403
-542959116,656657
-726344926,942968
160862379,903941
-190219873,826089
-1337542455,53306
404047970,308797
489521528,487748
424843689,76994
59812927,692887
-115846112,622534
-149691943,220989
-115107387,669879
75922292,6444307
20194113,3357778
46729862,9747376
22732340,3418343
-7874507,22281102
990627,870593095
1167492,84244296
-834775,994943518
253218,835821028
53319702,3784455
-142048670,717667
-1014808562,00533
-2598274578,59806
390875277,914924
909355825,166709
-950948342,841959
185110305,391833
490740031,607846
600124747,904354
365455180,953972
38223429,119269
-410464908,859982
-3050807520,51369
165239250,388508
875927920,229758
149595447,496982
-1260854636,83765
1622673064,04771
148714812,656559
456749090,602383
-915267506,075525
436749921,400688
-3943592274,0226
-511325195,376931
-23849086,892452
-389781140,30412
-463875515,356679
-976088224,081218
-755254986,086818
-729790549,134977
119729758,795204
19165042,5780034
-393037365,258015
-1223079306,01634
1028422083,69806
99325902,3313687
651998507,888476
-919762623,334422
-237840893,940718
-54932953,2664662
-24383818,0334764
-39166384,2351604
708586521,551608
-1368398658,30103
722261568,346189
-134862090,662017
-47840871,2925681
217292725,922342
-374672944,36319
-234549718,209758
-401690722,396451
2783879,36722007
-99621025,636296
-9479112,47706631
9952847,59829842
-2926591,03901359
-1024606,08330572
-1173022,96600718
83304,6650198646
-75452547,5447068
-55826007,7222123
59209375,8887849
-25864583,1014503
-3803752990,47214
-1730009555,68086
-623700142,660393
-472365807,771433
-509751555,942168
140927383,264393
-528575242,903327
26541013,2203509
37531365,4783294
-180665187,297204
-3258979376,33611
-94692045,3478924
-543020908,485933
276454022,631573
37374376,0159001
-336663412,256638
324017322,845052
731376179,622125
-747105538,882744
1680031973,48877
-757977931,067334
440962925,875086
-8014283,43991667
634349206,829723
528066742,837499
-895645672,719436
327112148,780401
251239967,150816
-18890858,8711506
967877322,386776
3747758744,43432
311549006,081332
-416096198,744724
31448650,8057835
1556024707,577
340386027,465747
1027305813,88278
175181770,836028
177219040,767589
568490777,643838
5305683563,09798
-384133780,460905
-69748226,7857438
-286643811,97072
342869650,801769
170303246,718441
261510324,697079
-368393826,152769
42137093,5017575
-51941851,5740565
4793179,64413982
-5231986,82377123
5680645,969032
-1381862,52905708
572031,099255388
-224361,759547184
-34736086,6965701
28144003,039034
66615516,0126318
-987396811,526393
11120547453,2353
-455774581,499395
-36948231,2518776
746375265,013148
2089823741,71211
1248556529,17224
743640066,885686
-9073310,04328957
-205310983,840428
-1348951878,85355
12716770873,7219
-550797643,599449
166630492,016385
568362503,92219
-1067113605,02059
2033211110,44915
1419163366,56564
-209960096,869528
1453403514,48034
-1760486485,12814
14078339837,2766
-1666386259,98972
-377285518,466311
-508998081,000204
-282153232,133571
1780872613,12678
348274281,996758
-262313807,555989
47030651,3069662
297933727,542692
14318903287,2233
-1468602492,77414
378909199,616115
-679461149,446198
-1185353564,96117
1064300269,74053
162074065,867916
-602732657,297285
-142193611,674956
-254364133,144711
12498418728,5785
-1827472796,78775
13336018,915894
181214043,229856
-1018324122,18874
294796371,267513
-154720209,114439
487316976,9217
-74934926,4830506
25903310,6704679
2874678,86486564
-7363681,34483482
-2061502,79200168
-2595097,30674364
34041,8022800846
284072,297394036
19444164,9339517
-195089213,03846
-703605045,884981
-1931672192,6516
-2026010876,06691
2468176561,74115
-291352786,169643
-381648954,16273
-3701729273,80977
-410340845,510302
732719669,792649
209342542,240267
-275255211,250219
-772366262,451439
-3187104552,0493
1241189660,42698
70403648,6922961
-99633599,0461132
884236879,780634
-2080881303,44957
480629201,512647
-111932604,930839
-1672813149,26343
1242950883,5867
-1090574363,692
732802363,708034
408490771,859904
588638349,022161
839388412,119128
-3407659613,26052
548225839,838694
413943606,23259
288796067,420948
-918484482,810275
3131764616,15374
146568763,65483
23199089,6980799
339083084,569988
151256951,723835
-1675196305,47625
-198550288,801033
-157472926,476255
-89485158,9531991
-650761992,429973
4903233087,76726
-447765393,904104
301534938,120914
-76227136,0639513
800493597,018313
-276174224,889837
-691684471,225159
-385542310,720863
-32964541,5655276
16767912,2128975
17142165,0516085
2277101,68524666
-1339174,12766445
-167613,144730477
382208,440731145
112449,8908061
-54098769,9585804
111542777,049079
25668541,4300615
2391926928,96496
554084962,099438
-410806407,11003
760709142,099616
1019930501,79254
1869186191,598
-1119875778,87331
662449552,121118
-795754751,971767
-241250676,96751
-834527525,402277
180147297,006615
961627009,984732
-467011192,595858
-765641669,405281
-291019728,000431
-904862146,24365
-159452794,701828
-522505041,872765
-189234787,02496
-2439211867,57798
-817791847,796522
611443419,24017
316134203,579168
-674354371,140692
-1350868643,64034
1470167236,885
173768821,89597
-651258317,920979
-799680850,621253
-958950873,064731
-1949587633,93841
1314908538,23588
-109504152,508464
121564862,506619
490581286,195701
4241657676,55081
-744955926,958438
363746063,938926
23773215,0893062
10425205,6326234
-2164966872,34366
950929726,452361
47604352,3314518
-82178268,7987827
932577142,015008
5211306088,03109
-809111167,047739
93463943,0035922
-179707534,291927
112256971,758618
-5975950,84900792
1165617,72855882
5007203,73642999
1064106,09214074
48112,9244529799
-93581,708959269
58989060,0829868
15118395,7977488
194322854,302637
-2885024568,36822
-747184497,663897
1357305756,65723
-1132805896,2012
-1685571386,86682
-1211552791,94967
10918001676,9149
-2772008126,35877
97621336,7508866
-671013482,854872
-2565938757,43952
472759633,256361
-344434500,487544
793562805,407929
1046890723,27018
-1381304318,83625
12953218395,9675
-1285456088,78762
-477372150,061992
-660368015,291485
50988195,8555949
-846258834,646094
91169047,4357564
-568117860,853419
-217689082,871136
-1031893022,6586
13200359183,3448
-757053820,509851
5796709,67066533
-14523822,6569567
1120461001,56377
-607480542,844682
-675743422,078817
272477740,944025
-183397104,820769
-1330128208,58713
13157982419,6587
-979876859,036867
-950237334,574704
-87158993,3826479
889324774,568667
-1641025940,49172
-518215009,42792
-90282104,1798595
307534147,921245
-1748012341,89881
10517909882,3498
-345640560,731648
273476550,387126
-66346951,4051823
9393158,69685263
2397362,42434881
-4653536,5716564
-4706457,52512672
2936325,21263777
-428571,465546708
77061,141867167
30775257,7786787
-119351669,477404
-279801848,400216
350261805,317011
-1109487039,18711
-1337908488,0153
-255050121,246448
1127832785,0006
-2099003456,95005
-1807452655,78267
2689488226,1308
576223201,440518
998526364,845033
1437083027,16302
-2244776712,25757
-690609400,322447
-763521992,600942
-1046225420,85481
-1498690506,13105
-1124333308,22794
485894516,651392
-115731904,489448
80524254,175654
564942507,067453
1469571208,81684
799628277,865049
73266304,9841051
-80660685,2569564
-203855690,330346
2516569100,68385
1943878766,21273
-476250290,400678
-83900046,2573642
-960316685,242359
4192251232,92613
968468196,355399
-80235495,897848
44007211,9302829
-428603182,56757
5857038019,1944
692919960,184356
434200330,78434
-37435466,8645992
-364346140,989507
5375596023,34181
-201299262,8527
120169067,225072
-604852894,80627
-443215911,219785
5339324979,0999
-310963664,842567
-270185570,156852
-11892508,7120611
-81618285,8484655
-18267978,5013255
-3444107,40297233
345171,486666801
-1542090,10027845
-1566604,75831359
48822,3209848765
26968424,8469926
68770718,1153921
100614997,086617
-749180788,146969
8767080274,33704
-761949114,187352
-630845591,046924
-1053433156,07337
114252676,447746
804053260,578285
317557755,772302
304970461,013928
-915520906,422798
-2057041796,7435
12319609260,0491
-663596243,631873
-412153114,443275
-552570741,263119
738465739,505617
-2867026202,26623
923742907,707712
55084723,944927
-503933367,228297
-2432888226,39021
12320884697,8737
-2477458459,01189
-39386246,4898847
92300480,2506461
781899483,635283
-3928496433,14141
-90998262,1470123
-160050978,681587
44601570,4776164
122732309,312487
14665012459,6852
-306869888,927397
156165320,420109
-416382199,578899
904855508,932921
-2321970339,38063
100263010,737215
-383958507,549844
-317899131,812532
288644809,147171
12161220408,0085
-139052827,346309
-260569624,64953
-295982146,59299
827598709,248862
-760766882,058105
466488779,557746
-40100033,1490647
-56289240,7450429
-99863015,6207557
-15124579,9706452
-308949,194280507
3771443,28366672
-4136738,03026292
-1368,67267159442
-283091,185823617
8726262,13272525
-160119620,220597
-389504785,638907
-1883014027,95601
-2243248304,75003
1174445067,49383
348128912,408661
807684631,103421
23743241,7194387
185994552,173219
-445910329,716177
-686336621,563647
485977442,284137
-429799808,312409
-1595835545,72777
2460253199,59797
-394762984,522681
679756917,027705
-490761808,443693
1516068000,77424
-1174006679,62488
152947326,632782
-101413947,512687
-859450102,409506
2800289372,87234
580245790,843637
232792336,426202
-218550600,843833
88729484,7222532
694195088,10076
-1238496490,7473
-582042885,52746
-118913860,046747
-770614424,551271
5548629783,33483
-115281033,260413
9571633,90104739
563176898,191074
7203827,53742271
92065368,1397923
-460614902,366246
-208676226,274027
92220832,2269552
-217686907,194375
6298939495,92146
-965093161,54305
-151881485,33705
17658223,704149
-96775621,5513085
-730352119,217468
-572483904,349527
214791750,197115
-153392648,460163
-14548126,3879612
14056605,842892
-1618076,42391919
-4995155,88283795
-375440,390924804
355943,10626411
-18851,2595321095
-14590942,6992683
-48037424,952771
4651610,48039724
640557658,864894
928796236,405184
-991491735,595929
-149821902,170968
-1245201758,65242
-574278299,926697
1463024484,0031
23176397,8121625
429066186,455957
73451548,0893105
-1291143234,15695
438863720,676601
-1832558361,99042
263702269,759134
-1280887485,21759
-2406986231,22488
2054880815,78106
1658879157,82971
-151094796,19553
321739024,007502
667379719,996131
-2397741395,94148
599524456,190491
-58341938,4671569
127314744,635416
-621034523,961678
258209791,431959
1403042627,18493
246948224,267404
66853751,9694102
95863653,7423131
-3210925268,89567
1623791508,19608
-140216722,931744
392154784,256244
-270972582,808424
9497774,44851319
8393438,06038203
399800881,176245
-535089337,486666
-200939804,967447
-1581819173,14482
320636752,752495
375268967,014732
-1461544,57132963
41790188,797049
-1268260098,32998
118641373,298123
-15198650,6405104
203604022,937029
71876445,2214932
17116772,4425298
-3212477,31725735
-5352303,66012806
2570275,41318632
85802,4320991083
428987,158204621
3017131,68618575
-99788947,9973537
-233487193,464331
-715168243,903913
-942490961,067082
1109949048,40151
-51493410,7853356
1405506076,94367
-756589775,499927
-1910316235,73424
-1443363903,75037
-192558200,501229
-288856158,439478
-210017495,270184
-1283495863,39987
1326882825,76739
-49549123,9193621
130444924,828465
1965323940,24798
-3461487708,15682
640709861,781722
84137134,8956048
-655381614,684272
-255666537,798167
-3824751008,73621
-746632787,556061
121057655,533584
-162128372,420583
-113415956,657629
-2113565636,00922
660435334,447186
-104138758,584623
169568913,307973
463128115,935259
-3149861728,96055
-1479803328,75049
380893159,643545
-360954487,94619
31865908,1574744
-1672249473,38103
1404694106,47666
330012089,513483
808715789,340926
989085536,523861
-2690644192,93214
-428140035,753798
144196679,133856
-37409595,0478657
-19897742,4644832
-936208431,792915
999960343,274713
-36333353,3108551
289704141,632176
-18336316,4132935
-3776223,76966112
3623027,1332457
-504411,958556985
627409,02282571
-217992,788151635
8516,42475016732
-53893448,6653657
7201554,68347061
9427763,83087583
388274126,672393
242681817,784736
1684546652,37333
323008697,918322
-909789916,572413
-480699912,08256
-1420273790,23701
1487458609,54029
-228504119,068666
-604802398,276601
-759294234,574857
985648792,294909
1310510672,66118
-145423671,211841
832544352,816339
-1621108555,26646
1026511965,81265
89893010,0451742
-499903994,259429
98802033,7777924
-1904083449,33636
2554267359,66511
1030346100,42596
-612995992,136248
-368660920,618623
-271389435,267865
4549636140,42406
-987485753,504098
-561951780,975879
-158682078,25075
-289821752,669943
5663502398,39651
-646667687,058638
-63067812,9400489
-502701483,939011
-104462790,746474
6358464227,41024
-422933253,811612
20851186,1614338
-247657686,152278
288601296,301316
6333361181,75993
-519964642,235625
71987858,7518304
-293366782,839124
-291049559,135591
6048846750,94346
-211913849,812999
-431556221,740023
-349953287,247425
-31167475,494539
-2774199,20972911
-6509618,79700216
7659900,40704268
-2023739,65099321
-475958,887129624
-369193,988007819
60822343,0433368
-4714075,42155368
-20580043,3934187
-2059822621,78673
7048930642,46407
-633603004,424604
-2080605124,75648
255319024,588417
-1496561881,79624
9871904533,47469
-1302380763,42073
-76566461,3265103
591738096,671395
-1439636114,76741
10792597722,7528
-1986989950,5953
235724286,311813
-924055447,990082
-936414271,52091
12066456240,0546
1032872705,76514
46926643,3900559
90055713,7638512
236701359,176704
11303210011,6133
-756638621,978762
-347264507,98473
-447042111,735556
-1155409398,6124
13648589801,4296
233079544,34003
-455170523,780378
-209566645,739419
-576646916,94653
13420437324,998
829157856,23676
-34918932,7220041
401671756,392777
-136332341,768338
12821113655,8058
-1768409033,00154
135738468,475871
-494234369,797087
-1394407856,13955
12248613414,1173
-318712839,16203
-252768099,844762
-213549622,97498
104590845,081141
9665695726,29652
-1464702539,86472
-184635708,424521
-272047793,529464
5191371,54738807
1461135,608952
-10477119,9580164
3134229,92794925
-1239785,68980919
11840,685497748
55522,0731166577
-57531498,2113653
84004,6036635768
-20057000,872289
546059623,942378
239274678,771328
844790410,720755
182473696,638545
-721440067,747109
-835329746,253794
-433649478,383457
1469128466,95779
-715587634,933086
167684818,362666
-1820103858,8117
-363496375,328361
1828510157,83623
-74335122,5034608
51407683,0023239
-1437807022,42176
1408629526,30382
-1186222775,27727
-299711668,18385
-811432770,530446
-228831720,669814
3343859508,31532
537463503,593542
8770248,56448725
72781863,5775788
-544738771,809077
5210653291,95283
-588917360,928895
-281798108,659394
-359412890,868064
28026544,5321595
6155621730,36825
-1091922456,5
38880298,6487777
-240719123,48917
359364322,800305
5368312312,21754
7001467,62108855
-522095907,058224
-266125997,97375
42003716,4246729
6556853658,20585
92517372,4985937
-332651852,352694
7851837,26041418
170581454,999482
5945177091,85425
-558329867,385408
-515992296,12115
395688324,879577
-96362845,2196351
4756528,98915336
-1882684,39060476
-6558064,42160876
52177,2352614453
111932,130388412
402827,42068801
91318453,8171734
-70114821,0264232
73186146,7106265
-434650839,969065
-734427931,9755
971277024,342143
116888331,303031
821313048,738379
-236113469,809941
-2411351271,24571
-1321009166,90591
694985019,430568
-1214696487,829
-747059113,382992
-1523982969,99861
-473882871,589354
-194284354,492059
442281505,122023
268937683,670772
-2889206953,22547
766419933,956028
-185471804,562574
30240680,4937241
-1239382700,16917
-3199911963,89985
-1124327254,09469
318033102,899683
-174345750,83052
-349769090,184327
-4076901575,08106
1078312450,79708
556004252,816022
158921083,913905
-34615279,9825034
-2736351217,52058
-886354450,671496
-153464906,969363
-346078599,014029
-92573182,8074754
-1599034029,68016
1318049223,81539
-20438332,5221458
611020836,644002
1075819924,56807
-2177514860,87154
-585565483,378833
132728340,697321
48527635,3016053
-209013190,230495
-231655137,673097
645758946,69567
-40876342,7307788
84892851,3800317
-34218532,6067484
-17365325,2016585
485538,644164754
-3798186,00321414
375005,462483831
145050,211949681
-110496,161778005
-136898130,016577
21339373,6774873
-184084156,942321
-6103087,72088919
665298593,608433
-2007025457,74276
-326593673,372261
-1245662158,72865
395093873,234637
2496325301,24574
-641541270,89118
-347663677,562162
478706939,307345
64260171,843227
-123242772,550147
-1271514276,82092
-131349275,784492
-1003965025,24966
-1301907166,45351
1185507540,35247
293103870,642194
484387961,568306
-242533942,599033
678874827,48347
-1975714832,01616
1327826683,85391
207050240,701756
-183659753,611477
-486591294,137174
915954959,937011
152468936,852384
238438550,523464
83270788,9777097
-239415453,976795
-3917830682,29676
1832538600,25145
-405854967,692151
46410826,1498698
-579376820,873987
-229908677,47848
-218672597,060984
503628443,579912
64840713,6986711
-182239740,488227
-2670292753,87625
-110509659,594969
-26787182,5289607
-65901873,5355431
-43737381,3260688
-1493284483,38007
-534573801,787884
54993069,7478027
-367745704,690508
85608415,5760608
4777838,59276938
-3271748,43027912
3468247,25074062
-1522470,82650446
-480675,77284968
-382325,385427154
176524090,879049
-89105499,3623272
-80086919,3050107
-1388704416,43307
-1471899978,0996
2223259950,12123
403281970,58483
838461498,482953
93487802,3402519
119838627,745248
-97997773,7423093
249252100,737609
-477461321,821669
-1882768455,65149
-1542450937,46097
971583655,141102
-589161714,243657
744786458,129314
-126873931,612475
649769901,63104
-1889595805,22673
-553512057,092709
315222672,892011
-1032623262,00696
2451159632,79854
114020043,970815
119087792,625538
9297732,95271818
330245211,962062
1306775294,28234
-538207231,420834
-235844209,797191
-663173927,931914
-374635541,828718
5773090266,78647
-244346277,234254
334399647,740014
-262854599,302121
528928320,256744
328577061,543294
-1198501592,70141
-410599521,399281
16778515,0058723
-300286279,928809
7357714654,8497
-211591792,774725
-354016922,958143
227758474,262186
67541591,8830149
-610725750,280773
-386225614,018063
329328322,842314
-3544769,78231772
11180744,1541078
11063030,9777442
3327021,35095616
-1624229,06045281
1953310,15303409
-772686,549073154
-29305,0759128654
-168587391,474682
144984852,463409
-11517089,1710138
-348873685,147661
8849924483,2538
-1140094039,12142
-651769494,308277
-432416491,532937
170252393,242713
194070062,469549
-837211893,66283
-321743565,585042
-70361394,0490332
283132855,228603
10556270176,0402
-228372007,449246
-913198511,675231
-671473798,001751
-516973950,615558
-2151542601,28389
-730988912,927669
279445700,295678
-982354128,245683
-2368609207,03051
12425546315,9528
-1851624837,42925
12054501,2001311
-38758132,143699
919849469,604592
-4072499988,61559
516303310,328262
190395857,520821
472079278,964188
-1108144840,8868
12828209811,1754
-781695255,234648
-19194359,4284356
455079000,475702
994982401,072043
-2462589517,9849
1252970282,16116
-81211235,2511427
-302722424,105055
324391340,102422
11538967256,161
-254971350,329957
-218952783,524792
56496713,362558
615802724,611094
-110799524,645864
530105616,966702
-361743397,457605
321701125,864528
-13496321,8929087
1989035,54019491
-1735408,17535215
-5327439,37759839
1377033,31167391
7821,11869581898
94616,1389132941
-54935768,0456971
-394754267,276857
-527690087,472697
27335174,4831226
-1488348639,34198
-1529622060,79207
128553178,631994
150306201,444798
-1873089913,89455
-1267646682,5998
2358511404,98112
390882813,897582
-181487212,659641
-200415977,202309
-1156100554,19355
-305184124,563352
-664997321,207287
-562047051,898851
-691452336,743908
-451809244,502777
-572625401,151493
-1068851777,51756
-168756031,472526
1149607647,41203
2785470108,90731
1180529945,82656
-418570321,151725
462296527,822927
-307808755,131057
2240679811,0544
755244528,643169
304060245,196333
-76264854,1996243
-590094980,719243
5386460326,48647
177937892,527012
148615906,012202
-317189003,008747
160007162,932241
5120720650,76076
30868174,305017
-11991927,5350869
184663723,024993
-349799513,595724
5242582277,16065
-702810490,700595
275479393,071309
-416184465,166978
-180100180,65825
4922281996,13367
-39829920,6803317
-135073188,91897
-6341149,9548511
-139116316,596432
-13059912,4680865
-2228570,13133747
182680,188818554
-2270801,55671996
1075998,68218047
217870,693896919
78603873,312451
258692944,06749
637759743,440956
-2661150888,95874
-514987017,348646
1474361275,80602
-673517420,012342
-971088028,903876
-1045427673,64739
11104780099,9607
-1623137884,79737
-1223941005,17607
184723073,082133
-2245407369,26269
-642821680,90112
490365439,652615
770700939,159841
1665900381,34734
-1301216993,09482
13515210155,4091
-2522706014,64972
463115533,067274
399921608,299367
-23727120,790268
-1796120629,79512
-951896612,959209
-49686249,3904227
-1188235923,16916
-1040009815,17939
13814845043,6098
170496604,046728
-849412756,108357
-474987254,037142
813372672,744684
-1314280756,17541
-901349059,638891
-217668530,655237
-99339812,2056866
-2001714199,529
13080956940,9757
-735879516,670166
48707276,2521861
-18974400,3470591
-54241598,9618725
-1455726670,12795
-50695131,7443751
-111484809,839228
-499716438,529791
-1565393170,52694
10848199230,9214
-734740512,757053
-415118418,056224
-19159329,0855771
8651333,70585079
1599844,13412757
7831820,26993387
4463235,48337848
-2151425,46646119
-339600,036394032
57060,1512910132
-141289248,5407
-252530025,476043
-610487487,434419
1552004615,60466
868958102,687958
-1531979737,11294
713340774,480143
578216093,708804
1373331326,09794
-2098920181,06216
-405287762,153726
-324962885,728292
-940297972,319765
-1473124350,06713
277535173,142832
-219165197,567846
-102863206,090779
-945786558,006771
38661410,5099209
-538607963,938721
827816854,806032
-321954374,39527
-816888255,749829
-2133682800,96541
124277506,087213
1486164190,275
-3961612,602772
233677743,49991
-1003795084,23452
1501080511,64326
567195833,102215
-408256155,602393
115934211,84943
-386675955,058349
-1751082640,69287
1033982604,88633
-319405128,840146
-526464941,687037
346948292,460056
5004802551,75924
-644735896,021486
424024006,964318
-517006420,862985
568095829,975048
-1655575554,9414
660231313,358633
-315929374,719701
177145737,763202
231221208,650631
5507368694,00095
-523721485,882428
-444383886,06645
-141483809,284762
61827420,4559572
-10162614,6259508
2229997,29443342
-706308,687387382
-740092,118208277
-355662,777808841
-181091,488285564
138926460,50387
50925329,2484057
-144002224,800458
-1085553100,43192
-2474011395,94104
2403084726,83538
-435524516,891523
-492619637,402455
-2257347803,04434
-245467323,401211
1133363688,56439
-30187265,6587452
-506951230,473013
-484102499,930715
-2327092530,61479
2676682480,89132
-873484380,021327
-227149755,294235
-407229592,876325
-1781221758,23167
598567390,370528
-689286579,889915
-666295601,405689
1754686283,15819
-1188163933,04257
391630895,040917
569674370,341848
129741487,520972
-269844548,398559
-3858015736,30525
590201766,229828
767825442,786469
-299084210,763328
-57432580,3169612
4036798683,35453
-69198073,3387372
258491,139830697
186127414,020127
700876673,973722
-2267619911,94983
-226324059,551827
-479025406,635472
37122706,0273859
-285334968,540499
5157604491,43921
-216316423,687116
10051714,7830325
41690822,125618
1361874419,85784
-645609015,181083
-747346612,908786
-220751094,613671
-126076375,545323
-44303254,2263348
8857939,20714552
-5593402,42947518
2739972,43614582
289161,337245828
-1415584,24195064
-579,978078057235
-21431960,7810638
-92202890,268523
342993906,301124
-327646788,881587
10978851452,124
-635279576,079319
-368766259,24979
521492734,161349
1241713628,378
1944158378,87548
1180223742,50916
225005988,645616
111403119,120369
-2622727898,85545
11889177565,2224
-1343752477,10086
1034557202,53687
635997819,819821
-156705712,841017
1348314130,04008
1827122068,02903
1947265388,03785
1961208782,59968
-2248236129,21867
13345958174,2234
-1300992895,61365
-907505584,614566
-1259931504,07791
-215303118,08359
383971234,666861
466904323,053498
-211055830,965017
-312088525,976738
-216505807,584597
14020171662,2295
-1017723656,60453
210321789,813671
-91601193,8359739
-877635768,39413
683144208,454204
274059636,046004
60944730,660815
-131704943,665919
-428947264,650162
12548458079,185
-1612201728,79644
-121963747,964701
-145542000,180313
-1059295096,98159
178622849,295645
444060979,278503
277441369,929693
-33179212,2069936
-47603449,2477992
-16641743,869865
-1570154,35853231
1145107,86966721
3113809,56002589
-1149043,95913361
-291366,520105805
92586612,8921827
91181507,3319215
-168834671,008624
-1608485595,16737
-3098767901,87119
-1207983759,18408
-185497427,850726
-65556505,3980438
-248263311,849724
-555480092,873535
299141017,404503
-46522845,9659604
405779915,950371
1044963224,45333
-3116019794,1751
-1110274251,92244
-1305913844,06943
352321146,057826
82728858,0558824
-391019051,022695
-64078387,6298222
-742176442,017896
-1053236481,63699
1362491242,01168
8238460,46485045
-467083012,916779
-495591100,094269
761433808,605715
-14376295,2387892
-300508425,215317
-426768209,946131
232459580,487406
429055191,635978
500965269,355712
3838965716,25953
377341666,161427
-549129424,551135
-171876839,106904
362170146,783198
305620212,05628
436649662,307248
494814617,813032
-101615486,320041
682677959,998242
5932199559,82824
-83103625,1011191
-384039882,479196
-15851258,6146099
122922268,812261
421705435,501027
611436949,00361
-406904904,173458
51492372,8575215
7395313,15191299
-16461856,8419139
4837573,95995677
-3237912,62652315
240822,851092034
422421,612315228
-20192,6478129567
-241812497,028111
-205874467,616328
-740668173,619572
-2611990419,88367
-1575179115,9473
-282709669,684878
-815518707,55951
-1135207136,71041
46104991,7259264
477481709,399413
-530248401,902269
-432883562,549413
-779405266,202926
-3584955999,12258
-96673333,4405413
-631196454,981234
-22575806,185773
-1115998587,27377
1066840938,86184
-621740849,600178
-271454560,918283
49024399,1889482
-538452275,663743
-3157353768,08816
-1249626750,84618
1342706189,14872
197578507,027778
-151509408,944084
292000672,896674
-99311884,0166353
-87018828,6754071
-172465800,487023
-1106216018,57537
-202618806,653052
-1201701291,12806
65225641,6466003
146566136,152285
95624125,7802937
-344057969,847884
228653987,823395
351844072,432014
-265645000,99784
-218842187,551665
641379544,3699
-963459857,617129
800966250,281901
429909061,602579
188927146,711093
844398642,640364
7867459,38073428
-75874572,279009
127738895,143017
15532031,0120156
-15984644,8418408
-40964125,4119699
-5228427,47687276
-1013345,94087674
-1010501,50374409
1248526,49285696
422583,469683246
304109747,480261
-60227869,4750421
788263653,444004
1339133830,82042
22631448,219442
-35582766,3171402
514995567,386681
878418228,456699
-620413912,994374
887132146,996385
-494446993,087962
102746162,12747
294439085,81749
144070399,864005
1845908859,69593
1092715174,02351
-182905652,680614
596715959,710572
509585959,924993
288384846,027582
683349737,965033
392086184,957793
-174071361,044226
-415585044,960472
1758079426,22394
307229520,391582
124549769,480413
-392029534,144027
746913747,080948
-203203953,076515
-966264035,998567
-786121656,917091
-71874632,3945207
-2641687003,46225
373173708,029978
485873441,535532
190273635,298577
-394653517,779504
355316817,454243
263664235,65481
-912461585,465149
327620185,205959
-15584149,9869658
-602857336,144379
252957947,439969
581329700,284301
-5284592,95867485
200911885,602305
-712870023,664369
-134571787,325102
-2254896,89319932
239778970,308389
90615257,0315051
181650379,700353
3758219,33438601
3664638,83568231
-843794,045700816
447651,327935783
2096993,2792668
416290,803600407
-289234950,009631
223278891,77
-914723563,120569
344516503,88809
795532317,483652
-391996412,397491
-673837343,651747
-819851223,862174
408056571,445719
-146807949,496827
361298251,988036
898549661,587085
-547094048,385982
-308730329,878362
-703577870,858971
-930371949,102358
1302321833,7171
433431643,295712
-1227902769,75807
-412892326,190914
-303702696,531042
-23043350,7813502
-36846222,8488873
-202011948,204203
-1561678332,18133
283191120,435453
-146336214,291198
904068166,944716
-690336362,171124
-621024105,199674
1350430524,44301
615700788,757411
-69708361,090049
1373873223,71385
-1144295371,23995
-464938127,564415
-84226085,1968096
714225500,166209
834520413,557817
-93390361,7148758
7197101,07452043
-228953818,189159
478502878,575583
190419970,809084
27826073,8973476
262892166,158514
501180963,264669
-115078455,583438
547774159,25271
-1788673,60820042
-85994712,6331252
18771980,0908187
-25541171,2792198
20145008,8084292
7294017,71380144
5769712,12974881
-1003832,83158263
-192148,321083034
-791809,728797481
484344,056100358
210523129,909796
-29272285,7414185
1139058560,28977
280501027,351956
1424128876,51488
-634089227,934638
197526876,948675
709553381,857623
459483312,495223
-699550682,869279
-677644424,206473
-696641260,422346
-66931879,1504024
952152156,808394
1655478846,08915
110080067,793516
-399408576,855407
-596052642,939677
1022558443,79419
-315398081,205795
1503282873,91352
130736809,326529
-188205965,179767
699408076,868289
72673809,1259998
-764174175,55059
87591438,5311501
-310965466,921248
-1334946072,74733
24368814,2369652
-364730769,335353
-229201865,471092
100162514,059383
-277781618,634583
-464890109,656575
-387875525,476637
630816635,188949
58048067,1047791
-1071510205,78242
-664193548,794148
-368039641,004888
24900865,2673311
-304881598,500975
227834934,765363
-588152336,454151
279430682,289866
-4960878,25698376
579504744,986997
-11804104,9639902
-325687128,558645
-685076016,581396
90589680,5473679
204289382,822025
112099543,593693
30613142,6329162
-892006,969228133
3588365,90791745
2124856,465994
-665673,536809249
294330,191472165
-240163740,283559
313367820,713815
-485660289,514317
-1036288008,76173
592254261,556316
214467503,272698
-233102188,20171
-296811684,869972
-348380267,287422
-742412881,692272
-58291837,8127607
911374748,231158
384166869,751164
-1714287826,10504
36818137,980075
223159263,748291
476541810,844606
842975568,508615
549932048,068356
-175041698,825563
-934982344,564529
1196453934,14567
829065756,49508
901972942,045918
-207856404,156657
-844599384,415152
-528321235,063376
-829062751,269344
1038619842,91344
-510211900,673571
-287659803,021904
44773803,2694271
-220782998,625759
1935352930,92993
641479542,055711
-434943074,422137
-345370971,946059
-474265968,116308
687018220,94397
-119874761,163925
366987133,424998
333765985,399014
132135058,405629
270790012,807855
-106569734,999959
211258812,366292
22004046,5658791
-139133243,818032
165644079,708139
-271096820,815617
1114473152,11642
-33086566,2775746
13832210,5642141
-80233571,5791254
17185130,5906285
9870501,90403273
5966590,86112458
1198649,06924482
-3161150,92531041
-382104,428742027
-37713468,7946234
-344184892,945327
153596334,632556
-468685291,871411
-95031856,7903396
-135263098,18733
-185998895,29599
-160546427,319767
482779389,960496
-390495399,292401
96836023,7815634
-808478592,123313
165603990,324098
372898932,480954
548441497,737781
1431927813,59252
338405515,974904
-40611447,0405159
696027735,722628
1797942186,14616
229488549,79595
-246859022,604294
-432450901,23927
-366281332,661887
1153084424,6855
63343514,1761119
35110510,0807951
461317337,32465
1104284583,76408
3615522837,67467
759892177,942557
281251683,59944
364574503,370486
-1103973925,5584
963610395,013033
-470455803,975619
-214289288,259069
3850178,35272759
387187187,31222
1942744207,06779
190021844,020515
114677657,363074
360711438,998961
-54894019,9392318
-523047815,229873
-105455429,647327
12439100,0129677
349578345,857406
824792504,838095
596993224,871556
-158291487,350356
-28408392,1961865
243929041,233567
34035963,8347361
59669440,5982225
7188467,00426966
1084947,62914922
2342756,89057304
-654990,272353317
-344571,241466395
289249853,426188
167981481,188039
-307675961,996729
787461372,542041
301443938,605529
862430772,408195
521604754,857901
1031107327,06108
1670949404,57297
4093820017,94701
-1495314800,5463
80521928,399782
-813643979,169132
-393167030,226361
-367983069,342965
-92958876,4714835
-577115170,559196
-131355175,360234
-359420992,641682
839930697,57663
-710972494,6527
-771681651,411117
-218276275,693656
-813411685,812081
355772990,595433
624811902,861769
579237055,283
493650176,835546
175030362,139045
347008636,812128
-213006464,256593
-531936427,819314
105668001,810949
317761453,138554
724795783,802423
443601648,962032
-99883208,8135153
86887415,0554131
374035384,722393
-79358071,5737741
90208053,8290331
-263827794,724547
217956479,598859
282832534,005697
-202694401,137522
-205820508,362266
-136946049,980613
-52472211,9246773
-368053665,427419
-555187203,110213
71901525,62907
-363803867,565124
75768657,8396449
-79478545,6934205
-2014977,56603458
-497907,41385857
-3013977,62593197
2119504,91827679
-2817473,31644999
-797787,685517262
-297957399,390591
292846471,590408
-85413762,2532358
261680844,698275
335040741,343672
602825665,686121
-541613379,042684
-391186598,705191
-2239858337,724
-2013197999,52158
4155097997,08601
-440654575,820879
495270271,828836
1803214492,65135
15832850,7036099
706749623,633173
972540934,881395
-119230457,164976
-1201292375,39505
-1773620671,84876
2223252252,64813
-134416871,831507
-1085447769,32401
-1565843601,91979
-95108734,4079109
-93151859,2689077
-521374,98108105
-1069961429,19062
-518638058,301018
786945733,743013
1762658130,065
373533988,570526
-816746079,440593
95883555,518847
276085690,400746
267362308,745772
163965581,739728
-281267394,669943
-1099822388,83511
2733767004,90759
1029299352,40316
533055354,643112
-644762515,207196
-134865795,001237
85794955,4780094
-138788626,179761
-250922865,060912
-906709348,597129
-1404156376,86945
3855430789,85674
476148027,757081
-200280078,530457
-20373441,8173098
-52898375,3629322
-2284909,52311399
-11929064,5035678
-104978,003435914
670597,499518037
1948363,60546227
-665316,067204749
88733923,6686651
74771577,3759302
675606006,758864
-796306768,54106
-252779724,835488
-494695590,074119
578778742,575448
477250642,891071
-697601793,389799
11275067585,3931
13577417,6573573
328461493,996957
-129286764,171386
-52264353,2775932
-523878784,164812
-262929692,985685
-366147110,585673
235936564,674487
-386387392,732862
15849696589,1051
-1133106170,48781
-39654891,245841
907636893,43102
126691841,100898
-494454566,772576
46322787,0340682
-216312458,808815
445978750,99147
-513946912,906241
16825443986,103
-1779131220,6562
-157870814,832702
-62171410,9480656
-406982584,587288
594842853,894413
262138159,895365
160672472,113375
-350049377,634621
-683173002,607573
16425770320,8211
-1616433594,70937
181262397,872775
422382980,497698
47427627,2456498
640806805,98801
240789798,486135
-252860024,601015
282425359,623779
-740344509,109736
13789912761,1152
-1470957990,16532
238923504,911899
-34960931,6839063
-11128252,4878822
-32789077,4336107
-2506466,06841733
-2460890,695679
136016,073124315
1855541,9500056
-473632,26218513
-266942353,78479
-82016463,9543474
-850874867,800879
-408786604,481759
-272957665,40044
373004230,567593
-507945609,200506
-445743218,165674
238500739,186854
-2600424098,58791
-2190686067,52933
127172385,427384
886798704,849356
314918584,422844
-625016438,221624
-339800291,182432
2103545,57488039
-475806020,300666
-235755472,43605
-374576034,285495
36427068,0662057
224189218,163599
-20434169,7370078
613552156,29776
-416661787,774197
116160385,971869
257557225,873234
-120769722,681943
1131728796,20592
1200236813,97497
-778081053,101753
-247991653,100336
671963155,579655
171835572,705257
-118756379,238559
87042449,6568721
-272932832,958945
844756942,874576
2265138433,06304
2493047422,81882
-426843924,907907
-176649912,339848
-215741858,88772
-118384277,213789
546454487,170016
135871250,781659
357175015,984373
129436243,261552
1797233942,77587
3726675235,66636
13557661,1349048
-270195753,269068
-147030643,800398
39495237,9052175
-100562229,671051
-12227563,8252631
-6236318,01994443
-1468643,79127505
1140569,28821127
-462713,643563262
123658422,686902
-158344982,393823
93897907,7249508
-448116194,239678
67880914,2185883
-862675380,760153
-630006206,363722
-893689888,383642
-3276839091,20711
1824699782,84278
-1038943398,92341
-736650869,587233
-643556772,684571
-477521509,222469
-357318651,82985
218753773,703903
-429542601,612669
-559904285,118548
-2139756888,63639
84982198,3327494
-624973778,66226
-411345232,834861
376525808,30888
1326037753,83504
-988550384,827771
-490085082,678619
-547176253,876836
22673481,7065354
-2814103761,96641
1080843900,59069
132463022,583353
-363022317,54772
-797622667,223002
-79230493,8432334
-397826438,398867
-97260844,9759953
863625434,194408
-208497637,098236
-707806955,477359
-184580097,835074
-120210195,575912
-160986154,252118
125316626,119802
136591812,734195
165386626,58059
202991969,994427
-95379758,5145875
699595183,408315
720820641,52244
-713712015,807619
-364564825,610289
-245122994,338256
-125443010,299184
-18124363,2277629
-54652154,0997469
-5349856,59011124
-4107930,35337957
-682891,825485661
98731,7430098345
-512453,027188259
111657958,69843
-106497202,077671
314279416,496125
1209385468,9371
891575808,034295
729729542,580619
710925198,120638
255008567,681669
532172964,656315
1179857446,04699
558723548,181947
-111216208,148657
369637177,65232
-1054119259,65526
-108095887,123075
120124800,479641
968742470,661108
622384832,639966
211557042,441054
1374065189,96325
860016859,096841
10559419,5092066
-572665052,261667
467955885,31371
514120900,409056
112393868,978069
-822933187,128788
-611738431,411348
150795126,580051
1045108228,78489
186472669,387276
-586014588,318545
116760023,931277
538687330,458886
-364076704,484862
-653705796,224616
-556533888,341762
629245466,302722
135159059,581109
1419795721,93555
-538894612,734191
50968249,9927697
-3120762,37260028
157425004,986395
-167902429,135239
-142891770,164885
157909815,239891
-263571650,073155
-268444245,628866
1115271993,11383
-508335772,658169
47171735,0250921
-152226799,933265
-77135528,9393164
-18682603,990248
-13990278,6495653
-780656,314091748
-1713915,58169076
2341886,58470539
-424962,570870921
8052097,68071336
138132178,940933
-426948367,458612
449300824,027775
165007320,421287
373888310,098938
7903058,5739081
-183526271,273699
-1002065128,97676
-1008288992,71443
79479487,816288
-714206390,716906
614957586,400662
369661566,757946
-1541705,30764204
1036935698,96553
108559534,950286
389796575,156145
-338195184,023316
176875656,742891
-473978016,782373
-468876829,432536
-688188968,265045
-1979727117,3717
185507627,447125
-338180852,279259
432873672,656514
201642352,408613
1710083974,84384
-664905335,25883
846799221,588598
268886767,483811
-671919609,233026
379192359,339772
1519780,21076773
-287037820,190867
-281583385,340315
-543547927,416099
584701532,407681
-483782364,287986
-50690343,0379188
59320153,6800723
-236243437,176981
212145036,354009
-946281850,578067
-142653683,194187
-211499899,670109
395135308,799584
86164708,1387773
-159186827,662034
-16525895,9064634
-21145140,5900371
9513978,81185252
-84868355,8081605
-42684856,6674732
-16601061,0924141
-3356905,84083201
-2204559,28390524
566933,762749889
-281584,136813149
277979534,676723
160211982,975117
885007001,895888
-1139458094,3089
-109774099,079496
460725418,13308
533799716,386433
3620487,41187755
-554436170,383218
133857196,965936
34691390,8482665
328092971,57753
-398700491,106409
1683984618,96576
268140778,903355
720421895,970608
461718331,410816
-109277540,701467
718010752,088961
437661837,112716
1034219384,5578
-32694972,1499304
-378455689,531698
-811187894,455482
-14184126,570136
847663381,480425
-707097194,043358
681809052,805967
1209729992,48322
466933715,948832
542778974,1375
-206676763,829802
323792223,939821
-730286168,736523
774582594,356117
37804921,658069
271469911,678874
-98242640,395637
738404781,465212
1069230810,04119
278924222,395746
-196006209,789373
105577052,331694
-151958765,321211
-489179962,245321
37574949,7249263
12777276,2922054
90245279,6092314
-345165356,709737
735759964,785705
231707925,483889
19961390,4464643
-32620113,709897
-35880550,1844839
-14010022,2268764
-13505083,3552742
-4160559,14611259
842598,25093333
416451,580069988
287738,763160429
-687055765,070719
164263414,044013
-1209913271,63075
-1070673894,37393
-945285203,548356
1042744107,09811
671948184,722806
269465935,914741
-293425394,614865
-234119975,382448
-557701590,500268
-970180159,91874
1730442286,48001
-595548385,459572
969950058,054004
1258965073,49213
127063613,629318
613080575,589821
132441645,999566
1289311777,96796
218552985,325406
1030321229,42019
-158379536,886429
824856329,111365
-1199742981,01016
-353326672,3829
1000562030,10508
-374102258,700122
-878087238,873923
92511539,3888226
248608845,381818
-248945575,388533
-260979848,475072
-782764050,35467
43122837,8085607
249075112,686588
-322471940,553867
615261021,464266
-667427022,096433
-427264648,533826
-340761706,730547
630898298,970936
118651205,111306
46940311,5627457
-386026308,462198
-61609220,9408633
-50769013,2065107
-76499371,6340712
760721533,340762
198030081,322677
-45158054,6104766
160760270,441873
-8946325,86853463
-65374181,8317588
41168320,800408
-4802113,41301142
-1789100,17856224
-1040890,05637132
929094,703226621
468689,224456019
648349157,780687
-443607369,570453
450548681,869183
-97964675,2797917
437994302,890792
-1594109644,57343
-102469717,234607
1264919328,29289
293853643,53142
-211394339,350083
-1231840994,24161
-567840341,973044
-1169607434,1654
-1712321766,65305
1003568605,35555
-375102129,40607
871794528,06765
253145227,750006
-187496457,767122
804786605,1569
-651193060,367342
-710652,252585208
1448249980,0045
1649369969,68015
270107032,779799
-16657310,3687359
-758037788,269808
-681472055,250527
-208677307,536297
142277949,016548
-82023240,7061205
106027365,257401
-881547217,919948
244884479,240583
-116003250,988211
-590810472,611088
86223572,2042081
-150744780,923697
174743135,639098
-262563642,080912
344690004,419347
-634410776,779567
-500404720,32813
102503837,349261
-65541360,6692665
157458347,930014
-12737714,4397355
388399751,495125
-97771732,115825
145939776,711925
52307335,1378672
82704362,8409125
47047032,4293253
-83898115,0025789
2744966,54943393
-4413132,36857186
-770421,772106835
-961167,572099087
1625008,6603831
116503,660824113
-123499361,284852
913581047,87252
130139512,101732
620953704,00179
-1024643660,39943
-161726970,545159
-1041471039,55
-2047727292,53817
-1199281574,32311
225057822,975375
-574317988,258487
-627146208,72331
-48095271,1852376
-83436386,0090914
-367586121,000077
1198514070,52218
-1352777832,64771
170186612,218516
600805020,315539
842815561,694102
-41836802,5971693
890485608,496777
-363111014,237993
-1720323221,77167
441213336,30323
-695437623,711064
235471094,613182
-516740647,275391
-180691393,263941
-51779602,4218692
887753807,224255
47491349,072915
299472832,377895
847503768,716065
-118958024,394973
-224607621,557935
-307498942,403479
-381839881,077553
-380968692,992566
192910367,373533
-61066339,4543188
341768011,381895
13978984,852726
-97005142,4729592
-135656075,173621
-70654856,8657366
57777296,4269119
160898474,641331
-117154511,799599
47784341,1683852
184818165,079757
22620401,5368792
-53444467,3529783
-76094921,0598755
43096565,6940472
-2995909,21868524
-1184137,05134084
-25494,9896599852
124142,440856981
-215188,587062241
-280740694,977288
-496262033,651174
339216709,936866
329223968,103705
-159614753,419934
-1321325023,2139
-1131207673,58279
1872664826,31623
-1925091020,28683
-245362287,458857
463175248,869211
57252753,5105019
477009596,808363
2446446067,7428
-1896078536,69364
691852184,651751
861744356,883013
-594763916,514053
903378369,120409
148185141,659029
-382525123,693108
-798625551,024706
297408255,449284
-1073835518,87135
1134407084,17028
-57037825,6493195
-70083688,5407291
-270213715,109509
362294002,074127
-848545226,709328
284808854,108715
-385232541,628037
373196997,392229
138605631,925083
507719699,309828
-1075055617,7418
-542272672,421476
-134382709,962635
-103909751,809298
119443062,519186
754336258,96678
-514887508,622638
287333622,922886
-77087773,4656867
-401853000,43677
-88519331,7186716
87319276,2345708
-61819186,1026646
-166661965,24968
352441232,710181
228013379,856681
166333410,084208
10883326,6759469
-89830628,7598767
17225235,5711253
-3295939,91250782
-2065151,0814721
-10853,4174376969
548234,95697203
-278155,264627708
-256795357,269833
774483525,708969
-699764833,078364
-1284060932,217
1207214206,74021
965450362,297767
-1448358217,33477
-1874435478,39504
841868514,7158
-612825536,345738
390004107,684881
-1037781276,69654
223756187,937639
-149027427,683489
-2216336476,51348
1138391437,13737
606657601,695223
851928977,970085
-1436174881,58543
-546637852,608048
-709342383,576132
414587950,720758
-1107100283,33023
922959487,561261
1318887811,21807
-981203918,738321
571469015,629805
224099186,886447
1277881116,06448
-783722110,506765
851225820,540661
285126245,787187
-686030573,109923
-597583199,464008
-329688580,189234
-418215524,5968
627403930,501768
50553314,7158763
97338395,8060563
85110407,8084584
140810697,924495
-204541281,335625
37094499,4646966
32713979,7308292
191646303,178829
11456190,2642255
-86227268,5785681
125154641,192981
309719685,003654
71151135,3202091
-20760715,6447415
139677060,013739
40324839,3026045
-48992850,430616
32574449,8214532
-1101423,97452344
537187,095263697
1401024,0898487
-572640,915816284
-247444,300438289
