289278013,093816
105133548,718261
778779154,058313
-405748956,314132
-109229047,800908
-671620320,669342
-1186953762,99062
1734976472,63229
-2726071856,3167
-563655505,555192
-64657713,7964248
438807956,298135
2026677943,43489
2269776254,86046
-1457545533,40225
-179170366,189772
680135023,013733
-663058591,136834
2737186109,38796
-1646392145,74519
-11434560,8984834
-433987736,702055
325228583,857927
-1245679983,79813
609645743,899346
-543491546,065294
244658498,072785
296202843,290422
306027659,543299
22001657,939374
305655667,971583
411392584,442525
-175033870,475747
-450418924,513576
-971919053,774222
-859571064,56397
231552714,484963
493477919,340462
195864252,682521
-409135686,845205
107677588,883198
-68276306,0558407
98007963,1237252
13091485,4488712
-435737288,409676
225157399,944054
-22134862,4295405
-152348462,956697
95375486,2443395
82969990,7604988
268111717,707641
-183152,587094619
-25285400,4063299
21953477,7153212
-12665278,3021573
1500538,84320611
-1635556,82312117
-1427164,58984555
137349,188358656
417296,343473293
28313760,0540505
9221266,49096905
163732049,988536
-66296232,2992264
-106776862,99275
108491815,41011
-868417974,085105
-1121324185,97053
-734575790,487738
-614739409,188915
-192417937,641505
-469085080,592054
817550105,99024
-45326025,6976606
-412380301,342704
956267339,989522
-963527733,791648
154710124,199849
132154929,801959
1842330885,64627
-1049409537,29794
923737844,427953
-41384952,8283457
161123726,660552
1234164407,52568
-1125888624,7564
174257699,488593
-214299883,920723
-447525167,658061
2350696040,1114
182312718,477191
-52053170,4545569
935822213,423578
491546734,77356
-37625217,8029698
575605093,444876
72715492,2027966
-325727670,073255
257052511,860454
284647856,560687
-102358641,048111
252423994,967734
-131022982,405298
14877084,6010396
22684621,2796883
82444102,4178783
3597286,09703168
-94705349,5062349
131784844,456648
708495757,940321
104661668,124177
6977653,29637459
16416907,4039708
61244821,9896939
-6706974,05278299
164122,990809586
303864,680232364
-491450,326517056
-344910,475736306
-46039,9819363653
304750212,64807
287519800,522355
220126713,032121
53157159,837578
-772617872,575608
-571188477,090583
-594661586,410835
837176256,248018
441657075,548501
-269660781,973978
-619944528,089359
116771655,494412
-1143058081,99188
-1878386055,63759
861569736,590683
-786476171,86001
-204231828,396364
123883471,830245
255365653,570838
2504099973,66305
184099006,041503
-124837813,030601
1564610056,31248
1692909364,34828
390288652,100818
27366101,1535474
-276248755,087555
-164086381,316521
-616946654,535255
372400471,590037
-34861497,7252599
703716535,053983
-1041024784,05866
124746753,423205
916647866,02161
-19659984,4628228
554753279,535966
149153343,637926
63640086,2765991
1397627158,00074
114799080,995754
-93328194,228476
189135271,046502
153254587,138052
-9733178,88309191
212652047,764066
587617896,384731
-151988307,400415
-111423259,995887
573153726,39276
77871099,6268498
-4636271,50457964
84525461,5782549
117905303,789706
11895137,0394049
-7039584,96164784
200743,075330608
-915091,318340965
18851,533611769
239815,914996715
-41859623,2193145
-445848772,885354
-977076895,884456
-1690756814,00361
-936781015,142808
1570646320,11596
1160460360,87016
497256583,352016
-265672426,484182
684157870,953908
77225134,1101248
220746709,706993
1141609494,11298
-164082288,884703
800047986,868312
839107959,336605
-874456128,529106
-13590771,6899994
-386992278,471252
864173815,623753
-737346650,66493
923480714,123562
749219383,465587
444156087,901957
-426842618,282449
-410834009,750342
-36106166,313514
-844432158,704032
-1672166044,9006
390970688,288695
352616460,941307
-401457609,762815
-627230703,915516
-20394856,9240727
525113758,459338
510492784,947662
132073331,809186
167350007,833375
-977881205,761083
561414610,312742
-851965525,206834
-176320910,423883
-329882174,730295
-211063111,316105
-208501389,616259
78614228,5591239
-10728440,3819168
607305470,421221
80310432,712832
531625272,137589
152055433,113358
78088836,9520648
73911159,1811453
86981348,112591
-16823446,3866786
-5125874,88837614
2817172,49529408
-463907,643441968
-193115,78258098
247860,497842351
157096082,624847
3885961,13065044
224598583,185575
-1212472874,63815
1047869187,08423
1131589098,22827
53728663,6571556
-118519992,747341
-1055288017,52579
511897815,972481
-616247458,708594
565511188,933744
299150585,73194
2811575927,15095
-263155548,292443
229469764,163181
213393260,661116
-307790745,792742
692979906,621346
1097105682,19657
2227354,65908342
-581102559,274754
-570596375,509975
-1009570175,43025
251473711,563466
745715584,862657
-451236499,035879
801800404,752163
9818637,30944517
769966149,925495
610885279,551655
-483639503,770482
-253709068,860026
-893389878,542033
-378334798,849232
-350974358,578379
513946710,976297
88141854,8606834
1315070325,43305
769194400,900792
-124580608,549197
148683978,062921
13208844,1546632
-514236781,465696
-265985585,427989
755008790,955712
511706960,720796
-97052916,2111776
164577668,825485
722311739,358383
340720664,363432
-186423459,474487
-14054956,9080985
55140897,353311
-55872543,8763923
-5058256,30502147
2185403,98377728
-2359976,68356356
115403,598738662
-83084,7871507076
-347940723,070801
-217547052,061264
106080017,268557
1479246052,00706
317519527,647189
178121122,798395
-614651390,44627
-1223888515,93095
-1624630067,3221
-173492300,195159
-726692899,201932
230623648,325737
646934650,412787
-150636020,826312
-21535111,1918401
1652411831,54219
336169872,616801
972826305,322232
133198024,058084
-260247026,942882
-842254066,600272
414554196,664674
275163473,11169
-1142253122,66089
643766351,235782
-202832070,396127
1030774315,01939
179233623,377953
1383057021,69987
441428461,929515
-633925608,555463
-122356318,642669
-436112200,763371
-121940131,350395
-273381061,273198
646172167,687752
-256664309,473783
-516744626,490799
117974435,611501
-1131996244,85745
-432680154,55746
509676621,775767
841236176,868521
-16014187,878112
-454541418,114206
141075680,280156
253225643,993805
-231965986,396457
794022074,830412
-142674809,437791
144303295,56471
-352421522,924386
3494819,88356415
-28038460,3228345
-16661192,5757218
4657905,3905918
876806,789992894
-1227877,10950867
-391359,38806525
93221,3716071067
48597892,4822182
403719628,989071
762449506,753135
1697458813,76053
-31812252,5705302
456228557,157288
-123512624,413584
554550435,512074
1073839409,60095
1441349640,28431
521857458,921621
790531298,676714
-848159600,599775
-575417847,919049
1574579610,67867
520709403,128655
763911676,693985
283426127,444151
471525579,488069
1270851653,46782
1453016447,22837
66741758,4168728
122989394,278975
908502313,025658
248107951,429246
243707067,66782
-655970596,00607
-599621853,966857
591628854,924675
631769915,638734
-455089705,971604
-692899868,215654
299140496,830549
707397253,017203
-545479835,428538
-238036790,691134
454980276,04198
472050473,390508
-154638665,243882
1232801464,82402
-816972819,393348
-482987118,568136
-111868387,676443
349847145,54296
-153370960,911396
714650932,082614
459726589,928451
345990429,608963
-562808015,07392
1216637992,17215
-252539989,923383
-259692682,047134
-29462664,7325013
-23042782,8243959
-35592103,0972325
6305455,69651829
-1536533,10683042
-857575,659640546
414407,758707669
-263110,096593726
-3763702,96016749
-101726735,008179
-287399467,732531
-410222967,466027
-78769197,4423219
-758519611,425198
-1187439636,56935
-449168588,11217
-3437762273,04451
1374466763,73959
-939779492,331163
-754911234,138389
-140585550,827818
-299075251,691277
-268998234,570708
-453389750,39322
-122260548,392084
-926340723,680054
-2032869032,79164
1026942059,04017
665201130,617707
6948907,00087434
535128774,311657
1061456013,21889
-1016003058,66319
-206685038,377916
186416464,524319
-27037487,7253292
-2689712839,17993
-334332727,219204
-919146215,44972
676009046,294178
-266192705,583009
-812080700,118388
61731140,8956123
1017617082,72477
511947631,102656
160969673,141636
-758008627,436527
202361221,818765
125935503,628159
-354899842,906284
-663297009,666288
70541902,5519326
319396467,854456
130053329,506456
-40068464,9611625
-182713734,849612
92764323,6374576
-453820332,502426
-81771213,4035032
-446666949,922214
-74233083,0834643
-46532677,1661028
7670952,44242825
88511,2584725856
-4525295,16095727
382262,61596981
-111782,20911706
609514,494264106
-138281817,918546
372741444,66489
-499489176,37077
-756235754,041688
14327441,8848459
302704985,568012
-290780598,795772
-287138757,731069
1003029290,00154
-3123420761,4081
-2013257269,67526
125245358,352862
489915501,186067
-1727250763,48092
-168321604,417033
-503250040,428472
382795478,597669
2941562,08823919
-272135756,050224
-252046241,256608
-692083807,109983
-921772736,54972
-528324286,262308
122174024,274421
-789292162,210416
642351377,944923
800958703,612678
-4295911,09222694
1073487592,02184
370573392,213415
-35022475,8389476
-756854390,914849
378272685,667937
816967618,764152
536128524,031133
-449393179,565785
-473900399,202773
253244945,163993
2536459337,50883
2278111419,99359
-418836197,455105
-194011882,794995
230751553,478821
-372157676,317381
95361646,2921655
351521082,65181
105870745,709386
-64347558,8926494
2405845832,67056
3834686511,63666
14899447,1108463
-480001022,019208
-61273775,2603414
-139952886,667986
112001318,928732
-15596911,4674551
1038608,52678946
-1063960,10972365
-367490,778786812
718623,339042503
232140506,391646
-580055338,284679
309245001,651788
-1221560171,62233
-73896276,7734984
-424038076,732028
112920670,285148
683410848,232257
-1163259168,54145
13389132578,7049
750705246,648226
734909129,721724
-409710970,696298
195482571,444589
-1087849442,32537
472040599,149157
384844530,692485
-418358265,90974
-908280470,25781
16899735446,4744
-1380456565,47737
-335744942,018502
535960940,565404
886704347,356941
166260553,958525
717509043,310682
-4446882,28347958
175191057,13157
82784424,6716055
18753630890,6168
-1577889644,68225
810962081,723447
-197186343,223965
-17755973,2349459
-1050736439,18749
-287104557,900972
236398675,160881
-389209296,999604
-336908043,545819
18295350520,3948
-1280962169,67225
-47744479,3879744
685952124,184514
-97916272,0355905
230478231,095344
-288307811,868853
45893122,4572258
468464278,000058
-1347262909,8842
15099558885,5543
-2011946925,96659
44137439,590484
-118317803,374936
-47059548,4564596
-16254149,3693246
4093355,20212437
421144,805224303
-768569,51438636
32126,0105501359
39466,1434140801
-396535256,914261
309108027,562902
-327431229,861872
1034810767,00752
1270782426,83372
1139085095,27245
-64699273,3512429
-935400258,139239
-3005584949,97045
-1557294290,02691
3414797323,20361
-1320319293,30456
539144534,812509
1309501042,11987
-649933340,221832
1108923983,4159
355828782,885829
676895538,405219
-1101585256,11495
-2241680879,24778
2322205303,53378
-386578540,516749
-481417264,430461
-876336895,415936
174737682,736482
58558136,7468597
-334514084,139152
-1914399451,00852
-908668181,864079
-81326319,6944491
1651964654,31575
-189432465,241871
404194188,956993
-1204630004,14463
-408977326,583469
-268013562,362841
-156881314,241054
745748743,730592
-1169123390,14329
2161562742,39204
1387009289,53977
597133993,355756
-629564795,276193
499098299,482964
66033423,9618368
45418128,5978077
-207725171,33002
-167711980,721974
-1092434590,84454
4040144290,04109
20762929,6094954
9382608,57759076
-50846407,7797452
-54025732,9437703
6936349,66633549
9732981,72548416
-5815050,23458542
-2885506,24414891
-320451,006969024
15980,8513428866
303815700,189379
3032957,22850148
776624773,605759
1500625685,34753
-894920710,42519
173081198,343634
1215476390,18048
487421548,822139
325905934,568167
3220739641,90688
-2073790846,26144
-65976446,9887933
-378696560,363431
-221205557,944874
-26418921,7021657
379487064,315926
-756715553,7474
-893600989,16173
143789210,59924
165241823,738487
-144046135,106436
37562314,1286307
-431852645,081661
-180938031,541552
1389905180,00435
1013677044,78507
418273986,780945
1458697361,0546
-237450526,835552
201524824,538483
-365196825,337864
-204103927,187259
-843144060,979906
-273565813,468294
351312266,331278
-19816666,517143
-312459078,990525
-504236229,362997
299840283,480825
-641600298,639975
378346741,246357
-519507605,506175
-100381624,577226
583588265,022015
-136034340,988118
-708047352,993397
-198074062,97069
-234003284,934958
647118433,566688
-883831088,36159
469901166,551758
-294300689,002546
95410174,0135402
54651652,8770708
31127882,5761425
7209262,91045959
-962155,411375571
1360384,86389519
2519495,39242988
100041,164412447
-20202744,5248115
-394970421,035122
-398754274,948266
-1443244313,00896
-52932990,8909111
906284868,896421
103032047,605234
-713044375,892621
814375666,493133
-70609284,4697765
-1408268184,08589
-811145306,791697
191710768,63343
-4055359,82720081
1318305539,41615
1223735755,26096
565280548,885515
878686571,355315
136405664,15196
994436721,935336
-672012502,461021
-663195737,775422
384557192,205021
-452452935,384115
711159039,689233
-916073043,19494
-650068301,834387
-172557185,233314
944607196,046272
2712208038,94627
422485695,687419
171784408,030912
538223831,356497
-187231535,128622
526714399,716243
-399287001,308084
270117638,146993
372902936,300438
389891363,339925
1966866260,62304
348615302,974573
59917607,4309095
153873570,025663
-307277665,149396
-228953474,818518
-573041597,351347
-390257296,370196
370968852,338975
733058757,801545
1876333147,47324
-139447652,74125
337442784,332687
20231445,6822016
41458607,3759159
-8575530,08140972
6448607,1404008
-406815,028966433
-989540,206228505
-1381602,74550495
-38492,8989050643
-159108476,12976
324249301,96328
-557255413,186724
-385836315,850355
897487892,450809
551688153,59005
241750729,749727
-712042490,714043
449685937,223464
-1106937484,44973
552942140,050076
1146248918,33539
-262131596,325358
-1663406691,0614
715398271,615697
-302892862,253742
253317646,461762
410512964,632687
-157983852,630669
-145671694,128281
571681006,757489
1098655302,84734
404405908,311008
615329873,605903
-271226240,717337
-504925872,998279
-231798713,640693
-136405884,939215
1311954650,046
731236241,229471
-425449523,312406
636509255,102583
183478882,682138
1456339412,54065
-252133935,101937
-251833547,644555
-183878036,273145
363379771,2642
815811710,801863
-605816044,866072
-593722789,986409
346292336,915149
-142675586,898148
-181237844,747565
-654771079,857686
-766581935,732809
-4137283,31944322
11031966,3954978
273873512,766794
226759299,741465
1088817854,78643
31598641,5528657
9303044,23587919
68258683,6088605
-2090623,37457588
-16819850,6724093
-1530368,07684743
2021854,82189025
1996515,53096933
369838,098126773
101552253,481867
-355090030,56067
605437738,060151
-722839673,398904
1057807216,84978
-197918262,760453
230804508,691743
719685358,408567
213796638,821582
-44105512,2066765
224204701,709002
-760425559,173377
-31593522,1842163
634479265,243807
1705524227,28089
-416619274,08494
-128186435,979141
-798184441,659824
1147877641,33732
-464526128,315833
251548040,06606
-484059739,908435
-429521276,882181
502048293,844657
-839175160,769761
-785363098,597983
244098406,390864
173389849,282133
-198881008,881213
-430983864,81953
846293561,247595
-409302476,073292
-4678725,52948782
-335232099,223043
-65876585,7006452
-473931069,290889
538021068,098207
-316513983,2488
-944234812,044436
-181409556,530656
-648532451,156533
-194732595,85552
-178752445,920814
133781425,559918
-979543193,652586
163305267,907046
22492545,7492416
262065996,200205
-600425517,442227
130719094,57554
-648808821,362169
136474405,415422
38580944,7064039
111459231,096226
13800641,5982189
5484147,46297222
510592,14565577
1242336,65008744
-688965,025794795
102106,906933327
-20657498,9249371
41885324,0674288
-515918964,521758
781546754,855226
-148077435,779987
-1050347113,45513
-728333128,491266
-901801585,314691
81105295,9270679
163429782,131673
418092127,328504
1390604050,74214
-44267036,6546698
61074442,9557202
-1495402,7089338
-433025319,842024
900474314,551539
1009536385,47334
-1121776031,34492
-846932704,685126
129075585,359202
-784847920,827513
477240907,881868
-1143357161,72467
-178282946,175475
761097696,316981
31524124,3812228
606584068,708145
-2008218846,38812
62457803,9720678
178309876,917101
528314114,015085
161793848,908811
1150399332,67461
-499877215,525701
139950906,19559
120892869,86175
224213638,012689
742033573,639709
-848920253,214388
381061949,820961
154870853,410015
134769594,654602
901873530,152089
-675793838,944777
302230479,936532
458426003,859117
40131153,2541499
805249561,924257
-255815735,671817
90997382,9830601
-192305542,277655
5051107,33626864
27548574,671482
11021227,6984725
-7820846,83499229
1614608,22262856
743763,36349539
-313460,221685886
-75239,2814392564
-24200807,2569333
34399300,373914
974821827,273864
494889466,915245
-358148468,324971
422083683,264743
456196232,70236
-313809687,609457
-1231527225,0381
230937663,437603
404533024,695513
-401456444,877671
117944028,29554
115492077,80349
626714957,362808
-5499572,40832508
37225259,3189309
940988844,103424
515595529,970698
-187766789,778206
1026205616,14528
789460405,464668
-1624425081,17828
97595256,8899981
649500128,02457
871705649,886115
317132720,890797
-521887623,754903
2032723268,52653
-592847505,409787
-390768289,05254
-547136464,114285
-464788584,641453
-2360866423,49667
-289021482,594951
635565350,808939
352903078,234637
-274082612,860514
491966847,523147
-597255028,322322
-798979419,63727
176948617,894343
-209241861,208694
-1471296701,08636
444452767,339678
538473681,336519
467328058,746927
65794220,4621766
-127430723,884784
-164661137,543093
-126618126,436861
83514521,908875
22213524,669357
51402849,2722105
25005574,3760176
-8661957,94509201
1089690,65765239
1284242,12668724
-918253,594437857
278540,719403126
58651672,6162904
-156253537,789442
-1116289418,20587
-2858102036,45791
429962805,706419
1000291407,68336
-1046043177,12617
203621335,93102
539814034,768642
660137222,694777
402000699,049369
42045772,0312126
-451511399,745992
-3355888272,5651
181763175,427344
963520712,252743
164554992,246684
-1386940100,52141
1784940370,45249
163586293,922222
502423999,662625
-1006794256,68307
480424913,540761
-4337951501,42487
-562457714,914616
-26233995,5816817
-428759254,334535
-510263066,892359
-1073697046,48933
-830780484,695499
-802769604,048479
131702734,674723
21081546,8358138
-432341101,783823
-1345387236,61799
1131264292,06787
109258492,564503
717198358,677324
-1011738885,66786
-261624983,334796
-60426248,5931065
-26822199,8368265
-43083022,6586788
779445173,706759
-1505238524,13111
794487725,18081
-148348299,728218
-52624958,4218267
239021998,514578
-412140238,799512
-258004690,03073
-441859794,636093
3062267,303944
-109583128,199925
-10427023,7247726
10948132,3581281
-3219250,14291491
-1127066,69163628
-1290325,26260788
91635,1315218493
-82997802,2991811
-61408608,4944311
65130313,4776574
-28451041,4115931
-4184128289,51936
-1903010511,24896
-686070156,926439
-519602388,548581
-560726711,536394
155020121,590829
-581432767,193648
29195114,5423829
41284502,0261701
-198731706,026885
-3584877313,96972
-104161249,882694
-597322999,334536
304099424,894725
41111813,6174908
-370329753,482302
356419055,129559
804513797,584335
-821816092,771022
1848035170,83765
-833775724,174105
485059218,462571
-8815711,78390452
697784127,512699
580873417,121254
-985210239,991376
359823363,658443
276363963,865909
-20779944,7582759
1064665054,62546
4122534618,87782
342703906,689453
-457705818,619196
34593515,886358
1711627178,33469
374424630,212311
1130036395,27106
192699947,919627
194940944,844341
625339855,408235
5836251919,40782
-422547158,507013
-76723049,4643188
-315308193,167791
377156615,881944
187333571,390277
287661357,166784
-405233208,768048
46350802,8519327
-57136036,7314618
5272497,60855406
-5755185,50614827
6248710,56593511
-1520048,78196276
629234,209180921
-246797,935501901
-38209695,366223
30958403,3429399
73277067,613903
-1086136492,67906
12232602198,5589
-501352039,649342
-40643054,3770576
821012791,514466
2298806115,88333
1373412182,08948
818004073,574239
-9980641,04762075
-225842082,22448
-1483847066,73895
13988447961,0941
-605877407,959383
183293541,218044
625198754,314412
-1173824965,52266
2236532221,49409
1561079703,22221
-230956106,556473
1598743865,92837
-1936535133,64094
15486173821,0044
-1833024885,98868
-415014070,312948
-559897889,100223
-310368555,346922
1958959874,43942
383101710,196444
-288545188,311591
51733716,4376581
327727100,296957
15750793615,9457
-1615462742,05159
416800119,577723
-747407264,390818
-1303888921,45729
1170730296,71457
178281472,454706
-663005923,027017
-156412972,842455
-279800546,459198
13748260601,4363
-2010220076,46655
14669620,8074752
199335447,552846
-1120156534,40761
324276008,394262
-170192230,025887
536048674,613867
-82428419,1313542
28493641,7375144
3162146,75135211
-8100049,47931824
-2267653,07120181
-2854607,03741796
37445,9825080915
312479,527133435
21388581,4273499
-214598134,342311
-773965550,47348
-2124839411,91673
-2228611963,6736
2714994217,91528
-320488064,786613
-419813849,579007
-4071902201,19078
-451374930,061329
805991636,771916
230276796,464296
-302780732,375236
-849602888,696517
-3505815007,2542
1365308626,46973
77444013,5615242
-109596958,95073
972660567,758694
-2288969433,79455
528692121,66391
-123125865,423937
-1840094464,18979
1367245971,94535
-1199631800,06123
806082600,078839
449339849,045899
647502183,924372
923327253,331018
-3748425574,58658
603048423,822572
455337966,855842
317675674,163036
-1010332931,09132
3444941077,76911
161225640,020303
25518998,6678798
372991393,026986
166382646,896219
-1842715936,02383
-218405317,681135
-173220219,123883
-98433674,8485202
-715838191,672977
5393556396,54398
-492541933,294502
331688431,933005
-83849849,6703509
880542956,72014
-303791647,378815
-760852918,347678
-424096541,792941
-36260995,7220805
18444703,4341883
18856381,5567689
2504811,85377129
-1473091,54043089
-184374,459203519
420429,284804253
123694,879886709
-59508646,9544413
122697054,753988
28235395,5730678
2631119621,86143
609493458,309362
-451887047,82104
836780056,309569
1121923551,97179
2056104810,75784
-1231863356,76065
728694507,333232
-875330227,168944
-265375744,664267
-917980277,942536
198162026,707258
1057789710,98319
-513712311,855439
-842205836,34581
-320121700,80047
-995348360,868052
-175398074,172006
-574755546,060032
-208158265,727468
-2683133054,33578
-899571032,57618
672587761,164182
347747623,937083
-741789808,254754
-1485955508,00435
1617183960,5735
191145704,08554
-716384149,713086
-879648935,683376
-1054845960,37121
-2144546397,33224
1446399392,05948
-120454567,759309
133721348,757278
539639414,815279
4665823444,20591
-819451519,654292
400120670,332821
26150536,5982369
11467726,1958849
-2381463559,578
1046022699,09759
52364787,5646021
-90396095,6786645
1025834856,2165
5732436696,8342
-890022283,752521
102810337,30395
-197678287,72112
123482668,934479
-6573545,93390874
1282179,50141471
5507924,11007291
1170516,7013548
52924,2168982741
-102939,879855193
64887966,0912851
16630235,3775209
213755139,732894
-3173527025,20504
-821902947,430267
1493036332,32295
-1246086485,82131
-1854128525,5535
-1332708071,14469
12009801844,6064
-3049208938,99462
107383470,425996
-738114831,14036
-2822532633,18348
520035596,582027
-378877950,536288
872919085,948722
1151579795,5972
-1519434750,71986
14248540235,5644
-1414001697,66639
-525109365,068191
-726404816,820614
56087015,4411495
-930884718,110724
100285952,17935
-624929646,938761
-239457991,158266
-1135082324,92447
14520395101,6794
-832759202,560828
6376380,6377385
-15976204,9226486
1232507101,72015
-668228597,129152
-743317764,286693
299725515,038431
-201736815,302851
-1463141029,44588
14473780661,6246
-1077864544,94059
-1045261068,03218
-95874892,7209047
978257252,025545
-1805128534,5409
-570036510,370702
-99310314,5978462
338287562,713367
-1922813576,0887
11569700870,5848
-380204616,804832
300824205,425838
-72981646,5457012
10332474,5665376
2637098,66678378
-5118890,22882196
-5177103,27763931
3229957,73390151
-471428,612101373
84767,2560538809
33852783,556543
-131286836,42515
-307782033,240244
385287985,848694
-1220435743,10585
-1471699336,81683
-280555133,371107
1240616063,50065
-2308903802,64502
-1988197921,36092
2958437048,74391
633845521,584562
1098379001,32953
1580791329,87931
-2469254383,48339
-759670340,354712
-839874191,861044
-1150847962,9403
-1648559556,74416
-1236766639,05076
534483968,316544
-127305094,938383
88576679,5931972
621436757,774189
1616528329,69853
879591105,651543
80592935,482503
-88726753,7826522
-224241259,363413
2768226010,75223
2138266642,83401
-523875319,440755
-92290050,8831166
-1056348353,76658
4611476356,2188
1065315015,99093
-88259045,4876408
48407933,1233047
-471463500,824373
6442741821,11383
762211956,202788
477620363,86276
-41179013,5510662
-400780755,088455
5913155625,67603
-221429189,137996
132185973,947573
-665338184,286897
-487537502,341782
5873257477,00988
-342060031,326823
-297204127,172538
-13081759,5832662
-89780114,4333112
-20094776,3514576
-3788518,14326951
379688,635333467
-1696299,11030628
-1723265,23414493
53704,5530833629
29665267,3316945
75647789,9269369
110676496,795285
-824098866,961646
9643788301,77079
-838144025,606065
-693930150,151599
-1158776471,68069
125677944,092495
884458586,636075
349313531,3495
335467507,115326
-1007072997,06507
-2262745976,41782
13551570186,054
-729955867,995053
-453368425,887586
-607827815,389443
812312313,456174
-3153728822,4929
1016117198,47849
60593196,3394193
-554326703,951131
-2676177049,02923
13552973167,6612
-2725204304,91308
-43324871,138869
101530528,275715
860089431,998839
-4321346076,45553
-100098088,361706
-176056076,549746
49061727,525375
135005540,243687
16131513705,6537
-337556877,820157
171781852,462121
-458020419,536797
995341059,826225
-2554167373,31867
110289311,810931
-422354358,30483
-349689044,993791
317509290,061864
13377342448,8093
-152958110,080953
-286626587,114488
-325580361,252286
910358580,17374
-836843570,263907
513137657,513509
-44110036,4639699
-61918164,8195474
-109849317,18283
-16637037,9677095
-339844,113708583
4148587,61203331
-4550411,83328916
-1505,53993874904
-311400,304405974
9598888,34599244
-176131582,242665
-428455264,202801
-2071315430,75164
-2467573135,22507
1291889574,24319
382941803,649517
888453094,213749
26117565,8913942
204594007,390565
-490501362,687775
-754970283,720021
534575186,512545
-472779789,143657
-1755419100,30056
2706278519,55781
-434239282,974955
747732608,730472
-539837989,288073
1667674800,85168
-1291407347,58738
168242059,296064
-111555342,263955
-945395112,650446
3080318310,15967
638270369,928005
256071570,068819
-240405660,928224
97602433,1944786
763614596,910814
-1362346139,82204
-640247174,080212
-130805246,051425
-847675867,00641
6103492761,66836
-126809136,586452
10528797,2911342
619494588,01018
7924210,29117984
101271904,953779
-506676392,602874
-229543848,901418
101442915,449647
-239455597,91383
6928833445,51365
-1061602477,69735
-167069633,87076
19424046,074565
-106453183,706423
-803387331,139227
-629732294,784475
236270925,216828
-168731913,306179
-16002939,0267568
15462266,4271809
-1779884,06631111
-5494671,47112166
-412984,430017275
391537,416890511
-20736,3854853213
-16050036,9691924
-52841167,4480432
5116771,52843374
704613424,751397
1021675860,04571
-1090640909,15551
-164804092,388062
-1369721934,51765
-631706129,919379
1609326932,40338
25494037,5933663
471972805,10156
80796702,8982497
-1420257557,57265
482750092,744236
-2015814198,1895
290072496,735051
-1408976233,73934
-2647684854,34739
2260368897,35916
1824767073,61269
-166204275,81509
353912926,408246
734117691,995731
-2637515535,53576
659476901,809531
-64176132,3138708
140046219,098956
-683137976,357865
284030770,575159
1543346889,90342
271643046,694143
73539127,1663488
105450019,116568
-3532017795,78525
1786170659,01568
-154238395,224918
431370262,681875
-298069841,08927
10447551,8933333
9232781,86642704
439780969,293866
-588598271,235329
-221033785,464182
-1740001090,4593
352700428,027739
412795863,716205
-1607699,02846498
45969207,6767619
-1395086108,16297
130505510,627941
-16718515,7045604
223964425,230731
79064089,7436414
18828449,6867825
-3533725,04898303
-5887534,02614078
2827302,95450492
94382,6753090154
471885,874025076
3318844,85480108
-109767842,797095
-256835912,810756
-786685068,294313
-1036740057,17378
1220943953,24166
-56642751,8638663
1546056684,63804
-832248753,04991
-2101347859,30765
-1587700294,12542
-211814020,55136
-317741774,283439
-231019244,797214
-1411845449,73983
1459571108,34414
-54504036,3112946
143489417,311303
2161856334,2728
-3807636478,97251
704780847,959886
92550848,385177
-720919776,1527
-281233191,577989
-4207226109,60977
-821296066,311646
133163421,086936
-178341209,662644
-124757552,323386
-2324922199,61017
726478867,891911
-114552634,443081
186525804,638777
509440927,528774
-3464847901,85664
-1627783661,62553
418982475,607904
-397049936,740811
35052498,9732146
-1839474420,71913
1545163517,12431
363013298,464829
889587368,275011
1087994090,17626
-2959708612,22535
-470954039,329177
158616347,047243
-41150554,5526529
-21887516,7109459
-1029829274,9722
1099956377,60218
-39966688,6419434
318674555,795392
-20169948,0546231
-4153846,14662716
3985329,84657022
-554853,154412688
690149,925108272
-239792,06696679
9368,06722518552
-59282793,5318996
7921710,15182109
10370540,2139498
427101539,339633
266949999,563204
1853001317,61067
355309567,710157
-1000768908,22965
-528769903,290864
-1562301169,26074
1636204470,49433
-251354530,975535
-665282638,104262
-835223658,032337
1084213671,52436
1441561739,92731
-159966038,333031
915798788,097987
-1783219410,79313
1129163162,39391
98882311,0497118
-549894393,685381
108682237,155564
-2094491794,26999
2809694095,63156
1133380710,46854
-674295591,349869
-405527012,680488
-298528378,794647
5004599754,46654
-1086234328,85451
-618146959,07348
-174550286,075826
-318803927,936922
6229852638,2362
-711334455,764511
-69374594,234057
-552971632,332925
-114909069,821127
6994310650,15131
-465226579,192781
22936304,7775738
-272423454,767515
317461425,931428
6966697299,93589
-571961106,459207
79186644,6270106
-322703461,123036
-320154515,049158
6653731426,03779
-233105234,794305
-474711843,914024
-384948615,972164
-34284223,043992
-3051619,13070202
-7160580,67670229
8425890,44774684
-2226113,61609251
-523554,775842571
-406113,386808596
66904577,3476673
-5185482,96371295
-22638047,7327475
-2265804883,96542
7753823706,71046
-696963304,867076
-2288665637,23214
280850927,047258
-1646218069,97583
10859094986,8222
-1432618839,76281
-84223107,459158
650911906,338534
-1583599726,24414
11871857495,0282
-2185688945,65484
259296714,943004
-1016460992,7891
-1030055698,67297
13273101864,0601
1136159976,34163
51619307,7290682
99061285,1402322
260371495,094362
12433531012,7747
-832302484,176642
-381990958,783212
-491746322,909128
-1270950338,47369
15013448781,5726
256387498,773991
-500687576,158426
-230523310,313375
-634311608,641211
14762481057,4979
912073641,860412
-38410825,9942116
441838932,032053
-149965575,945201
14103225021,3864
-1945249936,30173
149312315,32345
-543657806,776797
-1533848641,75354
13473474755,5291
-350584123,078255
-278044909,829248
-234904585,272482
115049929,589251
10632265298,9261
-1611172793,8512
-203099279,266974
-299252572,882409
5710508,70212691
1607249,16984717
-11524831,9538179
3447652,92074413
-1363764,25879009
13024,7540475202
61074,2804283219
-63284648,0325023
92405,0640291311
-22062700,9595248
600665586,336621
263202146,648457
929269451,792835
200721066,302401
-793584074,521822
-918862720,879195
-477014426,221828
1616041313,65358
-787146398,426394
184453300,198934
-2002114244,69288
-399846012,861224
2011361173,61987
-81768634,7538084
56548451,3025557
-1581587724,66395
1549492478,93418
-1304845052,80497
-329682835,002243
-892576047,58349
-251714892,736786
3678245459,14686
591209853,952909
9647273,42092515
80060049,9353387
-599212648,989989
5731718621,14817
-647809097,021774
-309977919,525333
-395354179,954875
30829198,9853792
6771183903,40508
-1201114702,15002
42768328,5136514
-264791035,838085
395300755,080329
5905143543,43932
7701614,38319079
-574305497,76404
-292738597,771126
46204088,0671293
7212539024,02643
101769109,748437
-365917037,587965
8637020,98645393
187639600,499427
6539694801,03966
-614162854,123957
-567591525,733265
435257157,367533
-105999129,741598
5232181,8880687
-2070952,82966519
-7213870,86376953
57394,9587875955
123125,343427247
443110,162756806
100450299,198892
-77126303,12907
80504761,3816929
-478115923,965993
-807870725,17305
1068404726,77634
128577164,433337
903444353,612218
-259724816,790932
-2652486398,37027
-1453110083,59652
764483521,373605
-1336166136,61192
-821765024,721298
-1676381266,99846
-521271158,748275
-213712789,941265
486509655,63422
295831452,037857
-3178127648,54803
843061927,351609
-204018985,01883
33264748,5430875
-1363320970,1861
-3519903160,28987
-1236759979,50418
349836413,189663
-191780325,913578
-384745999,202751
-4484591732,58917
1186143695,8768
611604678,097631
174813192,305304
-38076807,9807631
-3009986339,27263
-974989895,738628
-168811397,666292
-380686458,915434
-101830501,088224
-1758937432,64817
1449854146,19692
-22482165,7743594
672122920,308403
1183401917,02489
-2395266346,9587
-644122031,716717
146001174,767055
53380398,8317679
-229914509,253554
-254820651,440397
710334841,365232
-44963977,003859
93382136,5180349
-37640385,8674228
-19101857,721824
534092,508581272
-4178004,6035355
412506,00873221
159555,23314465
-121545,777955803
-150587943,018235
23473311,0452331
-202492572,636553
-6713396,49297151
731828452,969278
-2207728003,51704
-359253040,709493
-1370228374,60151
434603260,558109
2745957831,37034
-705695397,980278
-382430045,318356
526577633,238086
70686189,0275293
-135567049,805181
-1398665704,50305
-144484203,362933
-1104361527,77462
-1432097883,09887
1304058294,38768
322414257,706423
532826757,725131
-266787336,858933
746762310,231827
-2173286315,21779
1460609352,23932
227755264,771927
-202025728,972624
-535250423,550916
1007550455,93071
167715830,537624
262282405,575811
91597867,8754743
-263356999,374463
-4309613750,52647
2015792460,27659
-446440464,461364
51051908,7648583
-637314502,961383
-252899545,226346
-240539856,767077
553991287,937899
71324785,068542
-200463714,537056
-2937322029,26388
-121560625,554466
-29465900,7818547
-72492060,8890978
-48111119,4586732
-1642612931,71809
-588031181,966667
60492376,7225833
-404520275,159556
94169257,1336669
5255622,45204619
-3598923,27330699
3815071,97581464
-1674717,90915488
-528743,350134636
-420557,923969864
194176499,966957
-98016049,2985553
-88095611,2355265
-1527574858,07639
-1619089975,90955
2445585945,13334
443610167,643314
922307648,331239
102836582,574271
131822490,519726
-107797551,116547
274177310,811349
-525207454,003846
-2071045301,21664
-1696696031,20709
1068742020,65524
-648077885,668039
819265103,942249
-139561324,773713
714746891,794196
-2078555385,74942
-608863262,801977
346744940,181213
-1135885588,20767
2696275596,0784
125422048,367899
130996571,888098
10227506,2479891
363269733,158275
1437452823,71055
-592027954,562928
-259428630,776915
-729491320,725112
-412099096,011605
6350399293,4652
-268780904,957666
367839612,514008
-289140059,23233
581821152,282422
361434767,697621
-1318351751,97156
-451659473,539204
18456366,5064589
-330314907,921702
8093486120,33471
-232750972,05221
-389418615,253958
250534321,688403
74295751,0713229
-671798325,308851
-424848175,419869
362261155,126545
-3899246,7605501
12298818,5695187
12169334,0755184
3659723,48605168
-1786651,96649807
2148641,16833747
-849955,203980461
-32235,5835041514
-185446130,622151
159483337,709746
-12668798,0881021
-383761053,662434
9734916931,57919
-1254103443,03356
-716946443,739094
-475658140,686223
187277632,566985
213477068,716547
-920933083,029133
-353917922,143538
-77397533,4539318
311446140,751478
11611897193,6442
-251209208,19417
-1004518362,84274
-738621177,801941
-568671345,67713
-2366696861,41233
-804087804,220442
307390270,325232
-1080589541,07026
-2605470127,73355
13668100947,5481
-2036787321,1722
13259951,3201423
-42633945,3580662
1011834416,56507
-4479749987,47714
567933641,361087
209435443,272906
519287206,860598
-1218959324,97551
14111030792,293
-859864780,758162
-21113795,3712793
500586900,523261
1094480641,17926
-2708848469,78338
1378267310,37728
-89332358,7762557
-332994666,515571
356830474,112645
12692863981,777
-280468485,362963
-240848061,877273
62146384,6988137
677382997,0722
-121879477,110448
583116178,663361
-397917737,203364
353871238,45098
-14845954,0822006
2187939,09421447
-1908948,99288733
-5860183,31535816
1514736,64284128
8603,23056539781
104077,752804621
-60429344,8502642
-434229694,004544
-580459096,219972
30068691,9314472
-1637183503,2762
-1682584266,8713
141408496,495182
165336821,589262
-2060398905,28401
-1394411350,85984
2594362545,47926
429971095,28733
-199635933,925601
-220457574,922549
-1271710609,61295
-335702537,019686
-731497053,328021
-618251757,08873
-760597570,418306
-496990168,953072
-629887941,26665
-1175736955,26933
-185631634,619787
1264568412,15323
3064017119,79806
1298582940,40921
-460427353,266907
508526180,605221
-338589630,644166
2464747792,15986
830768981,50751
334466269,715952
-83891339,6195945
-649104478,791176
5925106359,13514
195731681,779715
163477496,613414
-348907903,30963
176007879,225448
5632792715,83685
33954991,7355165
-13191120,288607
203130095,327485
-384779464,955313
5766840504,87673
-773091539,770658
303027332,378438
-457802911,68368
-198110198,72409
5414510195,74704
-43812912,7483673
-148580507,810871
-6975264,95033367
-153027948,256075
-14365903,7148949
-2451427,14447116
200948,207700395
-2497881,71239191
1183598,5503985
239657,763286607
86464260,6436971
284562238,474239
701535717,785055
-2927265977,85463
-566485719,083492
1621797403,38663
-740869162,013579
-1068196831,79426
-1149970441,01213
12215258109,9568
-1785451673,27712
-1346335105,69367
203195380,390352
-2469948106,18897
-707103848,991202
539401983,617878
847771033,075822
1832490419,48209
-1431338692,40426
14866731170,9501
-2774976616,11468
509427086,373998
439913769,129304
-26099832,8693025
-1975732692,77463
-1047086274,25512
-54654874,3294707
-1307059515,48608
-1144010796,69737
15196329547,9708
187546264,451391
-934354031,719192
-522485979,440852
894709940,019162
-1445708831,79296
-991483965,60279
-239435383,720762
-109273793,426262
-2201885619,48194
14389052635,0733
-809467468,337208
53578003,8774047
-20871840,3817708
-59665758,8580507
-1601299337,14073
-55764644,9188142
-122633290,823151
-549688082,382772
-1721932487,57967
11933019154,0135
-808214564,032782
-456630259,86185
-21075261,9941349
9516467,07643642
1759828,54754019
8615002,29692715
4909559,03171626
-2366568,01310727
-373560,040033424
62766,1664201142
-155418173,394768
-277783028,023648
-671536236,177853
1707205077,16513
955853912,95675
-1685177710,82425
784674851,928165
636037703,07969
1510664458,70773
-2308812199,16842
-445816538,369105
-357459174,30114
-1034327769,55175
-1620436785,07386
305288690,45709
-241081717,32462
-113149526,699853
-1040365213,80747
42527551,5608857
-592468760,332631
910598540,286622
-354149811,83479
-898577081,324822
-2347051081,06195
136705256,695894
1634780609,3025
-4357773,86303912
257045517,849897
-1104174592,65793
1651188562,8076
623915416,412413
-449081771,16264
127527633,034367
-425343550,564167
-1926190904,76215
1137380865,37497
-351345641,724157
-579111435,85574
381643121,706062
5505282806,9352
-709209485,62364
466426407,66075
-568707062,949281
624905412,972557
-1821133110,43555
726254444,694497
-347522312,191672
194860311,539518
254343329,515686
6058105563,40101
-576093634,47069
-488822274,673093
-155632190,213239
68010162,5015536
-11178876,0885459
2452997,02387673
-776939,556126095
-814101,330029102
-391229,055589717
-199200,637114117
152819106,554256
56017862,1732449
-158402447,280512
-1194108410,4751
-2721412535,53515
2643393199,51892
-479076968,580685
-541881601,142701
-2483082583,34879
-270014055,741311
1246700057,42082
-33205992,2246132
-557646353,520324
-532512749,92379
-2559801783,6763
2944350728,98044
-960832818,023457
-249864730,823655
-447952552,163946
-1959343934,05483
658424129,407598
-758215237,878916
-732925161,546257
1930154911,47401
-1306980326,34682
430793984,54501
626641807,37603
142715636,273077
-296829003,238435
-4243817309,93578
649221942,852825
844607987,065119
-328992631,839669
-63175838,3487038
4440478551,69001
-76117880,6726136
284340,253810053
204740155,422134
770964341,371087
-2494381903,1448
-248956465,50701
-526927947,299018
40834976,630125
-313868465,394575
5673364940,58315
-237948066,055829
11056886,2613325
45859904,3381772
1498061861,84362
-710169916,699173
-822081274,199668
-242826204,075035
-138684013,099855
-48733579,6489681
9743733,12786013
-6152742,67242263
3013969,67976036
318077,470970395
-1557142,66614568
-637,975885862224
-23575156,8591663
-101423179,295373
377293296,931241
-360411467,769758
12076736597,3364
-698807533,687252
-405642885,174764
573642007,57749
1365884991,21581
2138574216,76304
1298246116,76009
247506587,510188
122543431,03242
-2885000688,74102
13078095321,7447
-1478127724,81095
1138012922,79055
699597601,801811
-172376284,125139
1483145543,0441
2009834274,83193
2141991926,84164
2157329660,85963
-2473059742,14055
14680553991,6457
-1431092185,17502
-998256143,076033
-1385924654,48572
-236833429,891953
422368358,133536
513594755,358878
-232161414,061515
-343297378,57442
-238156388,343065
15422188828,4524
-1119496022,26502
231353968,795033
-100761313,219567
-965399345,233535
751458629,299604
301465599,650611
67039203,7268893
-144875438,032517
-471841991,115183
13803303887,1035
-1773421901,6761
-134160122,761178
-160096200,198347
-1165224606,67975
196485134,225199
488467077,206352
305185506,922661
-36497133,4276931
-52363794,1725794
-18305918,256851
-1727169,79438555
1259618,6566339
3425190,51602844
-1263948,35504696
-320503,17211638
101845274,181398
100299658,065115
-185718138,109484
-1769334154,68412
-3408644692,05835
-1328782135,10249
-204047170,635795
-72112155,9378503
-273089643,034703
-611028102,16089
329055119,14496
-51175130,5625587
446357907,545408
1149459546,89873
-3427621773,5926
-1221301677,11467
-1436505228,47638
387553260,663605
91001743,8614835
-430120956,124965
-70486226,3928047
-816394086,219684
-1158560129,80068
1498740366,21286
9062306,51137949
-513791314,208455
-545150210,103693
837577189,466288
-15813924,762665
-330559267,736856
-469445030,940755
255705538,536149
471960710,79957
551061796,2913
4222862287,88555
415075832,777546
-604042367,006246
-189064523,017595
398387161,461518
336182233,261912
480314628,537974
544296079,594337
-111777034,95205
750945755,998071
6525419515,8111
-91413987,6112524
-422443870,727118
-17436384,4760725
135214495,693487
463875979,05113
672580643,903976
-447595394,590802
56641610,1432739
8134844,46710275
-18108042,5261049
5321331,3559524
-3561703,88917542
264905,136201245
464663,773546741
-22211,9125942518
-265993746,73092
-226461914,377971
-814734990,981539
-2873189461,87206
-1732697027,54201
-310980636,653381
-897070578,315472
-1248727850,38144
50715490,898521
525229880,339348
-583273242,092494
-476171918,804349
-857345792,823233
-3943451599,03489
-106340666,784606
-694316100,479329
-24833386,8043406
-1227598446,00115
1173525032,74804
-683914934,560203
-298600017,010111
53926839,1078413
-592297503,230119
-3473089144,89699
-1374589425,93082
1476976808,06359
217336357,730558
-166660349,8385
321200740,18634
-109243072,418305
-95720711,5429586
-189712380,535724
-1216837620,43291
-222880687,318366
-1321871420,24086
71748205,8112675
161222749,767508
105186538,358327
-378463766,832671
251519386,605729
387028479,675214
-292209501,097619
-240726406,306833
705517498,806887
-1059805843,37881
881062875,310084
472899967,762833
207819861,382203
928838506,904392
8654205,31879577
-83462029,5069078
140512784,657317
17085234,1132174
-17583109,3260251
-45060537,9531668
-5751270,22455996
-1114680,53496441
-1111551,65411848
1373379,14214264
464841,816651564
334520722,228288
-66250656,4225475
867090018,788402
1473047213,90246
24894593,0413961
-39141042,9488493
566495124,125353
966260051,302362
-682455304,293815
975845361,69603
-543891692,396765
113020778,340208
323882994,399246
158477439,850407
2030499745,66554
1201986691,42585
-201196217,948678
656387555,681623
560544555,917487
317223330,630334
751684711,761542
431294803,453574
-191478497,148645
-457143549,456522
1933887368,84635
337952472,430748
137004746,428449
-431232487,558425
821605121,789051
-223524348,384164
-1062890439,59843
-864733822,608801
-79062095,633966
-2905855703,80848
410491078,83298
534460785,689098
209300998,828439
-434118869,55746
390848499,199665
290030659,220289
-1003707744,01167
360382203,726552
-17142564,9856581
-663143069,75882
278253742,183948
639462670,312741
-5813052,25453959
221003074,162533
-784157026,030796
-148028966,057617
-2480386,58251635
263756867,33923
99676782,7346546
199815417,670388
4134041,26782425
4031102,71925048
-928173,450270892
492416,460729354
2306692,60719346
457919,88396044
-318158445,010594
245606780,947
-1006195919,43262
378968154,276904
875085549,232004
-431196053,637243
-741221078,016927
-901836346,24839
448862228,590288
-161488744,446513
397428077,186844
988404627,745798
-601803453,224582
-339603362,866205
-773935657,944872
-1023409144,01259
1432554017,08882
476774807,625294
-1350693046,73388
-454181558,810011
-334072966,184149
-25347685,8594866
-40530845,1337793
-222213143,02462
-1717846165,39947
311510232,478997
-160969835,720312
994474983,639195
-759369998,38824
-683126515,719648
1485473576,88731
677270867,63315
-76679197,1990613
1511260546,08523
-1258724908,36396
-511431940,320855
-92648693,716495
785648050,18283
917972454,913598
-102729397,88637
7916811,18197114
-251849200,008078
526353166,43314
209461967,889995
30608681,2870731
289181382,774372
551299059,591133
-126586301,141777
602551575,177982
-1967540,96902181
-94594183,8964381
20649178,0999014
-28095288,4071422
22159509,6892728
8023419,48518121
6346683,34272359
-1104216,11474088
-211363,153191336
-870990,701677214
532778,461710386
231575442,900775
-32199514,3155605
1252964416,31875
308551130,087146
1566541764,16637
-697498150,728106
217279564,643549
780508720,043379
505431643,744743
-769505751,156213
-745408866,627119
-766305386,464587
-73625067,0654471
1047367372,48924
1821026730,69806
121088074,572872
-439349434,540955
-655657907,233649
1124814288,17361
-346937889,326382
1653611161,30488
143810490,259183
-207026561,697744
769348884,555112
79941190,0385994
-840591593,105656
96350582,3842607
-342062013,613375
-1468440680,02205
26805695,6606795
-401203846,26888
-252122052,018209
110178765,465319
-305559780,498037
-511379120,622245
-426663078,024306
693898298,707851
63852873,8152577
-1178661226,36066
-730612903,673564
-404843605,105375
27390951,7940642
-335369758,351071
250618428,241898
-646967570,099576
307373750,518854
-5456966,08268142
637455219,485693
-12984515,4603847
-358255841,41451
-753583618,239535
99648648,6021052
224718321,104226
123309497,953062
33674456,8962076
-981207,666150932
3947202,49870916
2337342,11259336
-732240,890490161
323763,210619379
-264180114,311917
344704602,785192
-534226318,465758
-1139916809,63791
651479687,711945
235914253,59996
-256412407,021885
-326492853,356964
-383218294,016176
-816654169,861507
-64121021,5940387
1002512223,05429
422583556,726288
-1885716608,71555
40499951,7780763
245475190,123131
524195991,929076
927273125,359493
604925252,875199
-192545868,708107
-1028480579,021
1316099327,56024
911972332,14459
992170236,250513
-228642044,572323
-929059322,856668
-581153358,569713
-911969026,396282
1142481827,20478
-561233090,740917
-316425783,324093
49251183,5963794
-242861298,488331
2128888224,02292
705627496,261289
-478437381,864353
-379908069,140659
-521692564,927943
755720043,038365
-131862237,280319
403685846,767504
367142583,938915
145348564,246193
297869014,088642
-117226708,499955
232384693,602916
24204451,2224674
-153046568,199834
182208487,678952
-298206502,897166
1225920467,32806
-36395222,9053331
15215431,6206363
-88256928,7370375
18903643,6496917
10857552,0944358
6563249,94723694
1318513,97616929
-3477266,0178414
-420314,871616223
-41484815,6740831
-378603382,239863
168955968,095809
-515553821,058552
-104535042,469368
-148789408,006065
-204598784,825592
-176601070,051746
531057328,956559
-429544939,221635
106519626,159736
-889326451,335653
182164389,356504
410188825,729051
603285647,51156
1575120594,95178
372246067,57239
-44672591,7445795
765630509,294889
1977736404,76078
252437404,775554
-271544924,864719
-475695991,363192
-402909465,928079
1268392867,15405
69677865,5937224
38621561,0888716
507449071,057108
1214713042,14048
3977075121,44213
835881395,736801
309376851,959376
401031953,707532
-1214371318,11424
1059971434,51435
-517501384,373182
-235718217,08498
4235196,1880002
425905906,04344
2137018627,77458
209024028,42256
126145423,099376
396782582,898854
-60383421,9331556
-575352596,752853
-116000972,612066
13683010,0142651
384536180,443143
907271755,321899
656692547,358711
-174120636,085396
-31249231,4158074
268321945,356922
37439560,2182079
65636384,6580447
7907313,70469648
1193442,39206411
2577032,57963032
-720489,299588644
-379028,365613027
318174838,768806
184779629,306845
-338443558,196393
866207509,796252
331588332,466082
948673849,649023
573765230,343698
1134218059,76719
1838044345,03026
4503202019,74173
-1644846280,60095
88574121,2397667
-895008377,086051
-432483733,249
-404781376,277249
-102254764,118627
-634826687,615113
-144490692,896252
-395363091,905828
923923767,334292
-782069744,117982
-848849816,552237
-240103903,263021
-894752854,393286
391350289,654978
687293093,147945
637160760,81131
543015194,5191
192533398,352959
381709500,493338
-234307110,682237
-585130070,601229
116234801,992043
349537598,452408
797275362,182671
487961813,858228
-109871529,694865
95576156,5609511
411438923,194634
-87293878,7311369
99228859,2119306
-290210574,197
239752127,558741
311115787,406265
-222963841,251272
-226402559,198495
-150640654,978672
-57719433,1171417
-404859031,970169
-610705923,421212
79091678,1919777
-400184254,321638
83345523,6236097
-87426400,2627637
-2216475,32263755
-547698,155244494
-3315375,38852513
2331455,41010444
-3099220,64809494
-877566,454068975
-327753139,329646
322131118,749451
-93955138,4785592
287848929,168107
368544815,478046
663108232,254737
-595774716,946957
-430305258,575712
-2463844171,4964
-2214517799,47377
4570607796,79464
-484720033,402978
544797299,011719
1983535941,91649
17416135,7739711
777424585,99649
1069795028,36953
-131153502,881482
-1321421612,93456
-1950982739,03365
2445577477,913
-147858559,014648
-1193992546,25641
-1722427962,11178
-104619607,848696
-102467045,195794
-573512,479197705
-1176957572,10969
-570501864,131143
865640307,117316
1938923943,07148
410887387,427568
-898420687,384652
105471911,07073
303694259,440829
294098539,620346
180362139,913693
-309394134,136931
-1209804627,71866
3007143705,39839
1132229287,64349
586360890,107417
-709238766,727913
-148352374,501363
94374451,0258138
-152667488,797739
-276015151,567004
-997380283,456833
-1544572014,55639
4240973868,8424
523762830,532788
-220308086,383506
-22410785,9990389
-58188212,8992268
-2513400,47542514
-13121970,9539244
-115475,803779532
737657,249469834
2143199,96600846
-731847,673925213
97607316,0355269
82248735,1135271
743166607,434741
-875937445,39517
-278057697,319033
-544165149,081528
636656616,832997
524975707,180189
-767361972,72877
12402574343,9325
14935159,4231114
361307643,396667
-142215440,588531
-57490788,6053545
-576266662,581295
-289222662,284262
-402761821,644245
259530221,141946
-425026132,006148
17434666248,0157
-1246416787,5366
-43620380,3704287
998400582,774124
139361025,210988
-543900023,449834
50955065,737476
-237943704,689699
490576626,090611
-565341604,196875
18507988384,7135
-1957044342,72183
-173657896,315974
-68388552,0428737
-447680843,046017
654327139,283854
288351975,8849
176739719,324709
-385054315,398093
-751490302,868349
18068347352,9032
-1778076954,18034
199388637,660043
464621278,547462
52170389,9702145
704887486,586811
264868778,334752
-278146027,061117
310667895,586146
-814378960,020712
15168904037,2267
-1618053789,18186
262815855,403083
-38457024,8522964
-12241077,7366706
-36067985,1769718
-2757112,67525904
-2706979,76524687
149617,680436751
2041096,14500613
-520995,488403632
-293636589,163268
-90218110,3497792
-935962354,580972
-449665264,929935
-300253431,940482
410304653,624354
-558740170,120551
-490317539,982247
262350813,105536
-2860466508,44673
-2409754674,28227
139889623,970123
975478575,334299
346410442,865128
-687518082,043787
-373780320,30068
2313900,13236197
-523386622,330738
-259331019,679621
-412033637,714076
40069774,8728086
246608139,97996
-22477586,7107227
674907371,927536
-458327966,551617
127776424,569063
283312948,460556
-132846694,950131
1244901675,82653
1320260495,37245
-855889158,411964
-272790818,410382
739159471,137618
189019129,97578
-130632017,162409
95746694,6225678
-300226116,254846
929232637,162026
2491652276,36935
2742352165,10077
-469528317,398717
-194314903,573833
-237316044,776492
-130222704,935178
601099935,887027
149458375,859829
392892517,58281
142379867,587701
1976957337,05344
4099342759,23301
14913427,2483657
-297215328,595975
-161733708,180437
43444761,6957382
-110618452,638155
-13450320,2077892
-6859949,82193878
-1615508,17040253
1254626,21703238
-508985,007919581
136024264,955594
-174179480,633202
103287698,497451
-492927813,663652
74669005,6404463
-948942918,836178
-693006827,000103
-983058877,222011
-3604523000,32784
2007169761,12708
-1142837738,81576
-810315956,545952
-707912449,953032
-525273660,144713
-393050517,012829
240629151,074296
-472496861,77394
-615894713,630407
-2353732577,50006
93480418,1660267
-687471156,528475
-452479756,118348
414178389,139769
1458641529,21855
-1087405423,31055
-539093590,946482
-601893879,264518
24940829,8771976
-3095514138,16303
1188928290,64979
145709324,841701
-399324549,302498
-877384933,945303
-87153543,2275574
-437609082,238756
-106986929,473593
949987977,613853
-229347400,808054
-778587651,02509
-203038107,618569
-132231215,133507
-177084769,677324
137848288,73178
150250994,007614
181925289,238648
223291166,993872
-104917734,366046
769554701,749142
792902705,674688
-785083217,388351
-401021308,171322
-269635293,77208
-137987311,329101
-19936799,5505388
-60117369,5097215
-5884842,24912232
-4518723,38871746
-751181,008034219
108604,917310812
-563698,329907079
122823754,568275
-117146922,285431
345707358,145738
1330324015,83083
980733388,837727
802702496,838683
782017717,932709
280509424,449829
585390261,121934
1297843190,65168
614595903,000146
-122337828,963514
406600895,417552
-1159531185,62079
-118905475,835383
132137280,527611
1065616717,72723
684623315,903978
232712746,685168
1511471708,95956
946018545,006536
11615361,460135
-629931557,487834
514751473,845077
565532990,44995
123633255,875866
-905226505,841671
-672912274,552488
165874639,238059
1149619051,66339
205119936,326018
-644616047,150407
128436026,324396
592556063,504776
-400484374,933348
-719076375,847069
-612187277,175937
692170012,93298
148674965,539218
1561775294,12912
-592784074,007612
56065074,9920469
-3432838,60985581
173167505,485036
-184692672,048767
-157180947,181367
173700796,763879
-289928815,080469
-295288670,191756
1226799192,42522
-559169349,923987
51888908,5276023
-167449479,926589
-84849081,8332466
-20550864,3892738
-15389306,5145216
-858721,945500904
-1885307,13985981
2576075,24317589
-467458,827958008
8857307,44878244
151945396,835034
-469643204,20449
494230906,430556
181508052,463426
411277141,10883
8693364,43129567
-201878898,401065
-1102271641,87444
-1109117891,98588
87427436,5978982
-785627029,7886
676453345,040736
406627723,433749
-1695875,83840909
1140629268,86209
119415488,445313
428776232,671755
-372014702,425639
194563222,41719
-521375818,460606
-515764512,37579
-757007865,091542
-2177699829,10886
204058390,191839
-371998937,507191
476161039,922162
221806587,649469
1881092372,32822
-731395868,784716
931479143,747462
295775444,232194
-739111570,156327
417111595,273748
1671758,23183278
-315741602,209959
-309741723,87434
-597902720,157703
643171685,648442
-532160600,716782
-55759377,341711
65252169,0480752
-259867780,894676
233359539,989417
-1040910035,63587
-156919051,513599
-232649889,637117
434648839,67954
94781178,9526579
-175105510,428231
-18178485,4971122
-23259654,6490391
10465376,6930378
-93355191,3889753
-46953342,3342209
-18261167,2016552
-3692596,42491515
-2425015,21229573
623627,139024868
-309742,550494464
305777488,1444
176233181,272626
973507702,085484
-1253403903,73979
-120751508,98745
506797959,946386
587179688,025083
3982536,15306652
-609879787,421532
147242916,662543
38160529,9330899
360902268,735281
-438570540,217062
1852383080,86235
294954856,793682
792464085,56767
507890164,551901
-120205294,771612
789811827,297848
481428020,823986
1137641323,01358
-35964469,364922
-416301258,48487
-892306683,901033
-15602539,2271415
932429719,628465
-777806913,447695
749989958,086556
1330702991,73152
513627087,543703
597056871,551251
-227344440,212787
356171446,333798
-803314785,610182
852040853,791721
41585413,8238702
298616902,846759
-108066904,435207
812245259,611736
1176153891,04531
306816644,635319
-215606830,768309
116134757,564868
-167154641,853329
-538097958,469852
41332444,6974205
14055003,9214265
99269807,5701533
-379681892,380709
809335961,264271
254878718,032273
21957529,4911109
-35882125,0808868
-39468605,2029316
-15411024,4495641
-14855591,6908014
-4576615,06072375
926858,076026653
458096,738076982
316512,639476462
-755761341,577799
180689755,448418
-1330904598,79383
-1177741283,81133
-1039813723,9032
1147018517,80794
739143003,195086
296412529,506217
-322767934,076356
-257531972,92069
-613471749,550301
-1067198175,91063
1903486515,12803
-655103224,005536
1066945063,8594
1384861580,84134
139769974,992246
674388633,148802
145685810,599517
1418242955,76475
240408283,857943
1133353352,3622
-174217490,575073
907341962,022506
-1319717279,11117
-388659339,621187
1100618233,11558
-411512484,570131
-965895962,761314
101762693,327708
273469729,920004
-273840132,927387
-287077833,322578
-861040455,390133
47435121,5894186
273982623,955243
-354719134,609247
676787123,610687
-734169724,306071
-469991113,387203
-374837877,403599
693988128,868023
130516325,622436
51634342,7190184
-424628939,308411
-67770143,0349459
-55845914,5271618
-84149308,7974793
836793686,674837
217833089,454942
-49673860,0715258
176836297,486059
-9840958,45538815
-71911600,0149335
45285152,8804479
-5282324,75431244
-1968010,19641842
-1144979,06200843
1022004,17354927
515558,146901609
713184073,558758
-487968106,527508
495603550,056107
-107761142,80777
481793733,179891
-1753520609,03077
-112716688,958061
1391411261,12219
323239007,884558
-232533773,285089
-1355025093,66576
-624624376,17034
-1286568177,58195
-1883553943,31834
1103925465,89111
-412612342,346679
958973980,874416
278459750,525002
-206246103,543834
885265265,672593
-716312366,404076
-781717,47784312
1593074978,00494
1814306966,64816
297117736,057773
-18323041,405606
-833841567,096781
-749619260,77558
-229545038,289932
156505743,918197
-90225564,7767251
116630101,78314
-969701939,711948
269372927,164645
-127603576,087023
-649891519,87219
94845929,4246293
-165819259,016066
192217449,202998
-288820006,288994
379159004,861282
-697851854,45752
-550445192,360942
112754221,084183
-72095496,7361936
173204182,723014
-14011485,8837089
427239726,644636
-107548905,327409
160533754,383116
57538068,6516531
90974799,1250048
51751735,6722574
-92287926,5028358
3019463,20437717
-4854445,60542895
-847463,949317494
-1057284,32930898
1787509,52642139
128154,026906521
-135849297,413336
1004939152,65977
143153463,311887
683049074,401968
-1127108026,43938
-177899667,599668
-1145618143,505
-2252500021,792
-1319209731,75542
247563605,272912
-631749787,084338
-689860829,595643
-52904798,3037718
-91780024,6099909
-404344733,100078
1318365477,5744
-1488055615,91247
187205273,440378
660885522,347089
927097117,863507
-46020482,8568858
979534169,346446
-399422115,661792
-1892355543,94883
485334669,933548
-764981386,082168
259018204,074499
-568414712,002924
-198760532,590329
-56957562,6640559
976529187,94668
52240483,980208
329420115,61568
932254145,587664
-130853826,834469
-247068383,713731
-338248836,643819
-420023869,185305
-419065562,291824
212201404,110891
-67172973,3997464
375944812,520083
15376883,3379993
-106705656,720252
-149221682,690984
-77720342,5523084
63555026,0696022
176988322,105463
-128869962,979559
52562775,2852224
203299981,58773
24882441,6905672
-58788914,0882757
-83704413,1658621
47406222,2634514
-3295500,14055375
-1302550,75647489
-28044,4886259799
136556,684942673
-236707,445768462
-308814764,475021
-545888237,016295
373138380,930558
362146364,91407
-175576228,761937
-1453457525,53529
-1244328440,94107
2059931308,94785
-2117600122,31551
-269898516,204735
509492773,756121
62978028,861539
524710556,4892
2691090674,51707
-2085686390,363
761037403,116915
947918792,571313
-654240308,165457
993716206,032449
163003655,824927
-420777636,062416
-878488106,127171
327149080,994212
-1181219070,75848
1247847792,58731
-62741608,2142534
-77092057,394802
-297235086,620459
398523402,281538
-933399749,380255
313289739,519585
-423755795,790836
410516697,131447
152466195,117587
558491669,240802
-1182561179,51598
-596499939,663621
-147820980,9589
-114300726,990227
131387368,771108
829769884,863455
-566376259,484898
316066985,215172
-84796550,8122532
-442038300,480449
-97371264,8905387
96051203,8580256
-68001104,7129287
-183328161,774647
387685355,981195
250814717,842346
182966751,092627
11971659,3435411
-98813691,6358632
18947759,1282375
-3625533,90375854
-2271666,18961927
-11938,7591814683
603058,452669221
-305970,791090475
-282474892,996814
851931878,279865
-769741316,38621
-1412467025,4387
1327935627,41423
1061995398,52754
-1593194039,06824
-2061879026,23454
926055366,18737
-674108089,980308
429004518,453372
-1141559404,36619
246131806,731408
-163930170,451833
-2437970124,16481
1252230580,8511
667323361,864736
937121875,767097
-1579792369,74396
-601301637,868855
-780276621,933735
456046745,792834
-1217810311,66324
1015255436,31738
1450776592,33987
-1079324310,61214
628615917,192782
246509105,575098
1405669227,67093
-862094321,557439
936348402,594725
313638870,365903
-754633630,420913
-657341519,410404
-362657438,208151
-460037077,05648
690144323,551941
55608646,187469
107072235,386661
93621448,5893017
154891767,716941
-224995409,469187
40803949,4111645
35985377,7039113
210810933,496707
12601809,2906489
-94849995,4364244
137670105,312278
340691653,504015
78266248,8522288
-22836787,2092162
153644766,015113
44357323,2328648
-53892135,4736766
35831894,803598
-1211566,37197572
590905,804790058
1541126,49883354
-629905,007397905
-272188,730482114
