539469607,657597
-554319028,888321
1102528,82542145
66541605,1497678
-50063884,2957844
447677229,770863
-60032235,2529522
-209299281,030546
192511801,035472
-150390221,210126
-394187591,00143
6679884,40593608
520182814,765909
627973872,634595
-282826793,22945
-68931322,1944779
230548552,349876
60624071,2215551
-64400545,2020085
-578916517,909099
-545273383,722469
27630584,8185816
381435533,961581
-26071867,4024878
-400326751,075266
-237846814,18757
281457891,227094
480758592,792608
-447157857,514674
-408680547,819998
143392497,949304
-318430126,394544
-163325779,940557
197919717,291566
-189112922,968839
-157701530,190305
-23698274,5378143
281946246,125573
94014691,5477551
153904945,374049
105249182,878698
-29886851,3069814
156534579,031437
-56425508,7252837
22683313,0108442
-23688891,4638581
115813426,66439
43829354,9449373
-114036639,851118
27450354,1864
17235299,6523742
86270176,7461653
75635618,4298839
-42030135,3223259
28602786,9810511
58383986,6787735
-22666185,4014198
-65143491,8967277
-79252306,4427513
-44477815,0144564
-256517996,163066
-488658509,485519
-63699477,3072224
145440380,416964
-297494382,481197
-685551508,02285
-454018809,85369
-487040242,767809
564613923,77243
331598828,760235
-132819462,720363
195133862,612091
356607235,884607
681631806,067406
303778629,312753
-594818361,083493
302276807,309147
-32937677,7434859
-283497671,616526
-690719968,29171
6189329,08975768
57765172,2260782
150279528,350752
-379430520,945352
56391647,0117984
12870823,7177101
153105221,426875
164317419,864913
89097646,1568172
-276670791,297569
148782109,390063
-44126160,633548
-24958214,4563305
66993311,88239
-252132950,884597
83690288,372544
-12326038,7140056
-157734018,785456
105801267,343507
27330027,7740482
-27277221,6586333
-61577424,7234489
82893708,5726098
78386306,7002094
-21170227,4620918
38994588,8791783
-20738231,5386359
50481980,8314763
149439850,022984
-102162400,261814
144579731,277807
50354216,0050777
62411548,1021024
-50983436,0699173
52629344,612895
39081949,9744943
67314989,5557145
14035794,5453304
-4629128,13396177
-40982877,7377321
-291609402,780557
-209907857,539492
77683136,8237794
193759121,402941
-225564737,755885
-60375282,7206486
560945009,144196
-217216987,164523
418443032,175263
189977149,167744
181205917,99038
-324451274,897977
-86341675,7721905
-288488038,447978
149982099,787107
83931768,4669243
534106696,52853
428229273,310021
442806697,749108
-63422397,3811497
-225700657,818205
417417595,426679
-129327912,695711
-627436553,265462
277327397,217617
-245202694,835914
-148914314,593883
68262758,8003193
464216616,307859
-287828352,848961
41469866,3962786
241879171,779268
-259587639,409485
337728602,386872
-70523358,693132
-252221468,373783
227641127,942985
9427267,34259711
-34008302,2128546
-168951663,55812
-263012509,837715
10474196,129363
-109218884,995301
185553099,942262
-161861299,841803
-17464245,7639472
9741731,08354286
-114894768,444639
121672577,689914
43252212,2548677
-19204328,0177975
146437634,146383
44670251,3208977
-91603431,0026275
27305315,0624449
-30916480,3421398
179031456,377344
93787308,2539908
44847919,3168354
34817069,2393725
32493057,8392897
131534868,553144
-20816051,4237768
197817670,579319
104158695,583473
404753490,20996
-599863201,132265
1296659,86357863
-325485879,455754
257381576,848399
-540249665,846187
-244705590,588174
-107140126,501557
-743356015,757463
-17761100,4922991
145059423,920576
170011764,620618
99546095,0550628
742638447,096541
-267344806,434783
-410854223,622502
85646920,7929454
63150467,3914663
-255437776,714833
-416743741,223946
315054963,175794
-114126576,235602
38373820,9723767
305498946,73732
-271987315,377077
-481425965,056216
4816295,1555592
314667620,955419
22455822,8212068
264465625,193641
-618848471,816413
-156959978,046829
-106799430,241082
156796476,188668
-8898881,3776678
-121520207,136534
51962804,9177596
-66335336,8282101
-70579170,9384389
-109531009,914606
104106977,698655
-22506279,6511334
-40985837,0266761
-223195298,384869
179634066,439067
-59082793,3568626
30082113,018891
175075945,374119
53264651,5216964
19437264,5151435
8317412,38048343
-164451420,398604
-32879218,9129925
37166594,1244616
-58529209,5985552
343257028,628111
77472388,4301188
246911604,930391
196383688,048607
239296331,692381
-20294034,6605434
74138517,8522278
-162150013,37333
-201006905,462421
-791374974,084969
-217374861,645355
-150566136,137371
84987883,7132906
131330194,548523
113946135,69509
49982615,4197635
282480273,63851
-363487808,962106
-343598066,851364
-434279647,027768
-737602617,947914
-31103081,237722
182305058,933832
35161052,9600066
-79858426,7752543
285520511,635075
-89731107,9889735
18609084,4887882
167658714,041367
94513983,5767782
-233875229,054491
26643446,5258243
-18345786,4856785
-2827982,80986661
-1454874,26014041
108049923,910219
158924845,991676
-203658563,467436
72531863,1165418
176721349,885032
41166248,7985168
158799997,361757
-65267184,5781287
-216717368,955137
-118859007,227269
263853455,998871
-155501927,979228
57686530,5947569
-155747738,602314
4803356,19814526
113826783,848552
-125740008,147717
162076302,856126
-97309563,6425865
25885279,8954927
150057113,15497
-26278157,8123598
-83281010,3673822
6669480,58774634
35645214,3172919
187302948,454458
-81705273,9999339
56555628,1647431
43173389,7526843
97988089,2955412
164265695,42678
73931842,9043741
45562779,2131602
-230089061,731903
-398441132,097533
56077204,7568189
30270608,359631
49651425,4830593
-310660122,2979
-54429266,9409646
-216298702,888987
-237372685,487527
-84439811,4462112
-150510764,949366
-580014,519229165
-211510696,382711
23545133,1044773
124720338,186294
225830264,431596
67762966,1629678
-174009979,774599
-58670632,6176614
-43351871,6895392
13459509,7951879
306037915,057574
348520213,728192
239908362,107163
220172992,878642
1395945,42218348
144602533,937074
-21703038,1347269
-58981625,0333298
25259509,3204201
208517693,673106
54627484,4129687
74891065,4934439
150221659,82311
225570509,578057
-96725139,5256475
-207463023,032782
-100211984,230049
-34693671,5382017
-27054493,3412634
5538197,30732862
15474824,606306
97881738,0296257
-72875159,2269315
80526365,0983568
-96744736,2644444
-17593703,0418054
2844455,39110704
-1295274,10749449
17993199,2163468
-84601883,6498213
21818991,0534973
-235770220,974925
28748987,9739984
-177398484,616706
-582306920,903896
-298586687,651363
-100373914,714585
147281660,582804
306572755,039182
281161128,995358
356742574,484344
23447750,8331282
-345831531,160238
-483102961,333467
-452660259,017693
-107295548,020054
-315402629,716218
107846756,471197
44188948,8167605
-3688817,42953958
-154878281,636747
-8034065,67153567
-275267411,232911
-251760659,561713
-267481023,047877
-206151053,031463
-314454219,722663
-66907952,5904875
-182985261,834889
-280580175,243192
-1109341,1330503
-19161847,6549916
90734778,3777705
38388396,2429274
-150093422,31759
131959367,622104
153914761,205692
-82319166,8229688
7113506,73414027
2830500,35211167
38048216,1904014
-3040661,51604878
49059766,9778689
-32877250,854378
-156033526,78021
-71513722,1516906
76411876,0235788
128232588,799769
-43415406,0806998
8482956,44303966
-74158742,1776297
-108319306,260088
147893887,907876
53641082,3514717
54513494,5619001
42411983,9880923
122897091,543434
17781566,815459
-69429920,9164829
-25632754,9158974
-110909577,662606
-161632438,00092
225641750,50036
-7164965,3656828
-93198242,3146675
88304917,1063814
-73647768,3758717
-201712318,867258
106361662,255295
387505436,666766
224741063,930466
-144758670,122972
-164604952,616219
-349275582,823822
-212562102,179237
-108772499,97809
44834376,5838639
-34010291,3399078
-234454240,083231
-108353031,1628
254814972,047325
-81799103,2751157
-11837606,59215
240735326,025008
173245383,287963
-144451104,197163
-91663260,7583896
-126331385,050583
-139756011,324405
-213678503,795164
-215362421,269666
-97566789,8421647
93131834,6457017
105552292,260816
-56537512,2077147
-178497453,264576
178660656,113006
3189000,37441801
290069543,546296
206263119,323323
119583340,909771
64475437,601048
-143908303,471067
-37472760,9807123
-150198020,247043
33050225,8604023
24163626,4540952
-88566676,5020296
-84574727,122009
-56987283,3883064
-130730441,641611
-161261168,336475
22603963,8341364
121047348,087033
121682657,814745
-107312617,551367
174131266,732852
94227431,7863805
30234085,7486076
-4586439,13631359
-98538419,9581822
152183192,497861
-60938210,867941
145486860,065759
195588228,3325
122868963,795504
-240414194,258809
-75915220,8481032
-138574356,699083
-162843171,534809
-130396086,631436
-87481355,6325225
-172959554,991783
-2115317,87687131
38426484,9330734
-15309766,6764428
-356860,571727054
-68831958,7053167
-256494697,02423
-171645243,499358
321478607,774457
129001264,221111
6053111,03833399
-209723249,383176
50885469,2394816
103598429,492236
-97376747,6743127
7623208,2393128
-1854606,35572784
102996742,882062
34304185,5869538
183346563,860497
-18741734,6997637
3906208,18307879
144040804,584635
160934786,937802
-13274876,0865279
154528008,556692
80845872,3149566
-9838413,98993626
-36650964,1504793
-1181646,70633968
-10866795,0337418
-78591471,9043551
1527193,86096806
-14573162,5792851
13640418,01309
-86364118,1783948
-105156787,771298
-27096985,2019033
55386323,6355871
-88319645,3347565
-62721211,0297204
168320839,358115
71219156,6808989
77036550,3388958
49795298,4594845
36481752,6665726
66025150,1331146
59211924,2859009
-49520368,7296211
183293077,013011
-57576836,2853835
16500688,6664177
90876220,8337869
-130325217,952163
102367497,492207
27652156,0348379
-11618849,239191
-167561189,448972
-298758810,727007
-295746350,396256
-222050705,279823
148293360,512627
42072811,6398787
-3317605,44110129
5336700,16932054
104226343,126646
139435329,165304
-316340,505116613
-171334723,469624
113973761,009285
62702272,4758241
4855300,24781496
91534412,2377211
35630074,3222153
-26266861,0203523
93567604,7286839
40834524,1844377
44669644,0575061
4366741,54578293
-63397193,2563398
-51010318,5532698
-30362143,2782654
-96852125,1802552
-65833283,6700542
15840455,6523014
54782116,7572573
-133398924,298621
16237502,0311305
140020351,251464
62142601,0545006
79831549,8415919
-160220806,013023
-67536386,5585746
-108217495,917977
205352275,623473
112119882,275563
-212859534,161353
24212847,3302322
2989775,38280625
61179740,7065408
21728591,1192346
161528504,823666
179501387,939144
155143683,79973
66144114,2094382
-7564614,05981934
-26804017,5251945
-1970450,76773489
7697374,85488775
-85819443,2839327
117413800,201194
-86871780,2567579
70506654,9159459
-18100150,0908359
99232853,6841939
30116002,2827687
-106127785,623453
-218820391,718512
152722787,459591
-98570206,1456862
352753388,529025
-44986265,0870124
-115496578,333865
-82697709,3821033
-69086782,9287418
-23961035,380373
8062081,06493308
-45486016,961633
40619593,1167393
-175413051,082138
-96879105,6521526
-179815092,3167
-80310151,7926893
-292372430,537788
-54293354,8194917
-208359585,353985
183504630,259382
123891770,179273
178153111,776266
166227241,485056
35118513,0860854
134347258,788104
-194120131,363275
-241708559,718436
14493765,2680687
-264727822,338893
-1176480,74860893
41125438,2900583
48526085,6452089
223773287,472204
113435585,493321
67370890,7952525
-233189550,155057
36777130,8959235
103736438,317391
-35224064,3093879
-193652414,218215
-54441577,506273
-107367295,334093
78943686,5327095
-52449829,8555705
-34618512,024975
138609806,418123
83516872,6797522
134445917,489144
5385986,99452948
-51724212,5334578
5406582,46854548
49428787,1207647
-27083600,4732929
-273698267,933303
147477677,036692
220940845,418619
265213160,594114
-38959126,3334863
224868695,245503
251330148,81074
495304791,663163
420723100,060573
154130358,776889
210472545,539698
1156011,47805995
-220284635,074672
121158065,713765
-62720889,252151
-257326716,054577
110593167,950937
71808460,8953074
81161918,9758708
127221877,814058
-40895665,1604077
111900681,905786
103091112,330188
90408446,9473343
-44588393,6466215
-305812514,623517
173947607,737937
111603042,358026
193208588,65243
284735226,749391
-81428942,9026091
-91058990,9826944
-53144495,42014
-105433882,642672
-60743238,9464468
-85317711,5490293
-251715600,828698
-78538700,3223012
85949246,361417
-248864281,651275
-104362021,093572
-122059559,225203
-25288114,3061158
63395185,6617681
190651376,561438
31706649,8493617
-37313144,1880039
-93149978,5719678
111966714,551164
-55851305,6504298
-52095978,0621445
-42952387,9323685
-76197466,4540336
27524748,7567176
88106306,1622885
127960788,711468
-77621800,5630428
57083227,2721205
5151684,34187543
-118693042,768006
-253986813,930606
-105251528,971508
-420645027,503705
-130575526,951767
-233211117,943634
46578493,4318558
23587335,095859
372159311,141751
-120744705,84649
223706852,97302
-51692812,9228144
-128448628,764224
150725351,428243
-266310,18390724
394113451,560956
33275122,4405564
344763078,963203
394524841,510686
31091188,0452927
30925661,0524177
238496983,099726
40356447,6850541
71851145,5223384
179589848,258312
207024794,086664
55638537,4331936
-332170298,037373
93940055,2080833
-184132957,214506
-108266282,475834
-6843717,93495403
-107543496,721493
205529056,944726
149400064,194457
-120951337,624099
-107217324,405452
-55422306,6004873
-187922295,565817
-46444444,8877217
-50239144,946003
-73460216,764122
-171897610,995948
-112511530,396768
6256575,59390852
-192335872,046867
56933362,4787239
229162216,754619
62475559,5089485
156728919,274232
-94049980,724272
-215408980,790922
-92585092,286744
-2441332,65595618
-31281726,8750955
-42008016,4455839
40266482,8400915
-46744005,4655875
38466095,9312049
56539325,3458911
-85513423,8914156
246818941,639296
-128848435,530445
-286632339,125884
-192269144,714509
-139549756,80843
-213614948,927702
-31448276,2675276
-269764342,815505
-212555376,789879
-38242112,5268923
-55588764,7113866
292468525,725439
172107208,367718
176843298,074964
89861982,5920559
-144676768,236965
-10160207,1317796
-84367206,5709312
-281435626,001698
-220052672,90998
93091168,9725196
-158999881,918207
-60550767,3519898
22015745,7393231
306021087,960734
232532521,259615
-145547506,598166
-79959574,7826275
-466702005,932074
-109101913,564162
30363656,7145115
-246119661,636238
103407789,914674
282800338,279932
101849661,684096
-109842679,999822
-170579387,947394
-21018039,4588629
98647345,3556186
137544833,758762
111714502,983039
-16390211,0922135
-10253238,7847208
-27337296,3883637
-329014064,620412
-32115023,4971168
150071635,942321
-71324141,8553554
-66704772,2633499
-90832772,9902045
-53463995,4197597
-85890309,8593969
-49353155,1059824
-161936864,24959
-40106592,765586
-127641430,742967
-80972588,8384032
43525247,5959943
87820698,4849649
278491101,798122
-105157142,012251
-78495652,9505852
-38035347,5411758
-104781014,506323
-35492788,2909653
276340735,260019
-41992671,3375406
-304846943,86685
-193122935,62463
19650583,8271511
205910729,596851
459588360,220655
259057280,715713
15522738,1942782
-396967204,229384
-156586912,280168
-70688550,9575667
-454241555,903467
-17214802,9754454
50035353,9418857
-152507877,754231
-24982244,130809
-349156912,840964
-167830866,369151
-315530797,746069
-224986992,771588
56237559,8318309
69407250,369209
38759073,5828036
190610950,595332
-192904495,577536
-278612935,464624
84569319,2736692
19158910,6279504
66262402,853668
5471107,50180836
179680139,143739
328260964,278117
199600994,892105
23243477,1632864
11841732,7252448
-99125843,7045017
21797981,1063324
-113611219,004339
-212068303,785936
-165426538,944131
-43169385,4312377
-55135073,3857433
-209935396,997152
-107034030,282956
68151689,871715
6188399,0785295
23870584,8538101
-100375706,144789
-8773157,09508631
-97865975,3097187
-69157688,0084949
410115,977344543
118604954,850571
18640429,7468023
-177729500,4547
-60861765,1345165
-126146560,254402
-34788863,6295329
-110250873,319161
-243187545,93453
22453878,633199
136233399,722224
126245770,322698
4302960,21151535
139118801,215674
-409984958,500293
-176284924,004806
48173594,4595883
158504907,911612
87175971,7945628
100777006,801704
53555953,7276776
-127972725,320649
-109848664,01457
-71828050,589753
-175739812,255721
-208976519,549822
-181754712,552452
-154821942,123501
-197906858,636901
-95000740,0793291
-193935599,740703
85844528,6421815
-5691215,09257127
112518061,727348
48283242,2793168
-191688448,633494
-263930756,957995
24597483,0296914
-119363940,09549
11136351,4922882
108949756,101197
25083345,0539728
-207878561,028405
55922456,7960405
-27804696,9564042
-47616293,9302513
-143327627,436682
36817969,4324923
-200765610,082014
-166550740,604172
32421428,0624368
-29048661,2360695
-124640773,394666
22432373,1575444
1928932,99005637
45964894,6714736
55796799,151685
36890771,8342379
-52584459,1646816
21370376,3513263
37005906,1232272
139338783,747888
-74568697,0093676
230537554,305385
30885173,0458061
109574256,559451
55997427,171461
-67891609,3333948
230790995,746882
87934846,8095575
223381462,521275
153018650,442189
91504788,2864483
-201506551,129519
-221539578,395987
82111602,2247165
-113018701,524174
222624675,525085
2302350,86369396
-85226795,7608823
-81028552,925339
103399721,668779
-35155378,9661447
-79920784,1696789
201350650,458773
276230470,532467
103323849,563524
-100985182,783211
-204253654,687165
70080721,1868109
-182332414,946294
-28044499,4795985
166244092,86107
84042254,7949284
22435178,0427138
65883915,2670702
-142492004,870179
-121185535,641789
-57865427,7071978
-115795130,988516
-285501580,159486
-172228124,373253
20114659,9198458
124041663,711286
97792474,039439
56700036,4811652
-124598222,200323
-87799817,6500687
-172853932,373219
-213278924,6613
65763290,7660749
39690178,1199467
-90402290,4358696
102625057,941823
-9897457,86979282
-2250726,86950902
97129521,4517195
103894291,142183
-65382856,4515919
12028862,4424863
104870266,025849
45269575,3560523
136832565,297546
66949446,7836649
233197230,277555
107194966,298171
3364132,95232604
-55910151,786275
-438970273,684385
-182067696,601936
-75254503,0768241
65758618,9362791
-158227212,834124
-151249272,120823
-170191077,708825
-27824107,7304678
155318846,037023
-132364960,221774
-312483726,295831
-300110444,89318
35020536,1132367
58050636,2799707
-351549681,534902
51024891,9377391
-108078343,355922
-322029860,503415
-204167423,836949
123025568,4703
83873554,0135061
-189366855,329252
145334917,707028
104226620,288859
194375526,361423
104659277,934143
261164243,179637
33003484,8598921
-92830493,1127388
13701770,2931114
139047198,118721
-74243688,3254058
-25172213,0524869
-68345951,1119734
65811561,7323579
210629878,764058
-115750139,168745
63934119,3287415
187051012,026194
184684732,746645
-72429159,578467
-629821,515884852
39174523,097256
60005510,8727022
-25043462,2256004
102735327,660603
-33732202,7804388
-106015212,132486
-72266096,5672066
111432018,339739
35029290,943637
-5495151,29254955
11948918,45193
45764368,1084836
35432436,7428931
150990631,422589
78719071,572376
-142397602,577779
113752223,56122
179288820,573558
234895673,037227
221428150,040267
-143571160,746938
-161702833,996925
-171041712,470518
159280763,134532
736802269,851699
242896340,503941
6443549,61278054
-136277847,928978
462057516,936878
341054961,890014
395234725,632073
-101366287,95524
211720931,529478
-42465138,8013141
35254653,2062197
-288145247,819561
80637305,0493674
-65835842,0537752
95207843,0647981
82752342,7230673
88615799,0055967
21830975,507281
8016376,49059714
-52582570,0593559
-260673962,616152
52957122,8037108
-23293994,1607204
-47399801,4451737
102916023,068299
-58649805,4892358
49183911,0363488
25508989,7936179
60210743,7487372
162968766,733574
-8903573,44662744
-46574290,9808166
108418408,290498
40510574,9061135
-6735185,45822853
74611180,2596295
91154799,4368887
66850643,3131132
-75419334,0096332
-25315281,1158463
60514537,8506866
-183148546,123413
-85878231,9863506
-2459070,72264772
46094596,0211563
13839032,8259122
-3890546,8269722
66626538,1961659
221763697,987868
-225255133,093668
-94147984,8044102
369007668,080088
298507987,470613
348754809,854713
-32333605,9815194
-324549723,340715
-606524488,874311
-259368189,843454
101263722,644328
255904317,454745
-164713047,556318
-162532462,0715
213046775,25647
309897559,329463
6446853,66362458
44885522,6544819
129857354,741907
296718113,772626
190135657,770287
228393966,901302
301257236,645964
-91811451,3089644
-211581127,921272
64549180,6267352
30145977,0170182
140263370,842086
180231613,159874
233023531,666781
-12828831,4374474
-61467461,6470536
-400464572,167251
-62120159,883459
136869360,665886
142351203,504284
144095949,07798
119329012,091939
30183175,2973188
-219642639,472372
120004869,104346
6239115,27882503
199947543,857425
11488277,342746
132252240,022341
-20305426,1305388
130549188,872538
145205618,55108
199424755,886679
20196560,3504404
-41039721,3946999
-84910794,9238624
74964670,2649617
-180115791,23787
-111809145,599098
-86922949,1588402
-9835416,5744425
-47369611,6173119
-63208669,9862634
-20358559,1413947
-1409567,57668815
-244973939,246139
147429486,725324
-14669424,807969
-127700144,888174
-47582020,7002864
194429771,655595
131098532,53325
199625833,224781
281419271,42878
171280539,340565
-110822966,489113
180610733,575872
52865315,5949696
-82617987,7679311
293168852,433755
246331723,867422
188044954,61441
-52856833,8380571
-143367247,790604
300415680,974963
136229863,363274
-13503058,3565527
-35671826,4207712
-105384578,966378
-12593268,6384122
66227685,0428028
-2843519,33281578
-46291072,1468081
-88092733,8420678
48767319,8633919
-163292232,63363
-20817582,8552135
192636148,46059
271381291,408297
353683220,488463
179600200,576475
225738265,685662
-8252699,4800941
-214792885,091675
-137192784,538112
156374501,52034
-3845818,8050156
146946539,746117
118596687,340579
-47496480,5965849
124071312,932347
95027661,5823634
70804515,3639932
-13116458,5547201
-59776596,6766111
-112619921,122609
96907351,7781072
7734076,69286992
-43460271,819862
-14458445,475023
-18907282,2511938
-165680873,226508
-53532600,4313648
-62198186,9600717
57056829,3190196
169525281,969626
-212477109,404892
-322865645,923216
48402650,2484087
234472082,718914
-19009206,6043767
25244527,2372796
-185286184,501277
67086516,2639049
95616682,9214877
161016409,648247
131639752,27261
333211946,092117
290260152,927142
9139748,96132766
179600412,651335
33875198,3046812
26493812,1903617
82970802,4596696
-226580958,042804
10340208,4282899
-222876989,119049
-679309417,360356
-136004574,316409
-23999451,926311
32049583,2021031
181548502,23939
45069240,0844895
20091469,4815016
213920555,555118
142781591,585336
147217458,451546
119303103,399947
-22584010,479833
23542725,982443
48460671,6270358
243430657,762922
148123955,510131
-156852842,663223
-85051671,0843083
55680196,5390226
-10272732,3779227
89766973,6210748
-70564305,8887269
216156490,812052
-56879385,0481844
77050065,1996305
21286666,6472966
169460,379956883
-252379033,069294
41518801,9295772
-7976570,21241151
103447269,094014
-17239650,464686
98000111,1848381
74079846,4581072
-158360293,706617
15144308,40667
-75336142,6185902
27373668,1983554
-43818362,4825252
-29690209,0637567
355053428,72046
138013280,519059
53056706,5336322
35299016,1884806
143991097,071002
-236409557,309321
-146417526,260561
290502898,961729
205513847,815144
286003145,234777
205325073,100584
-149503998,005023
47760439,4147728
-104838666,047984
-43639159,867046
-172618971,792659
-73732478,7392294
-361985889,200277
-184968391,785822
-252947249,325417
-113528342,529663
-205415512,393987
-463264091,237746
-147667876,948296
-133323172,677139
-116728449,222988
-223065288,15791
249260527,036142
81685844,0396827
-5553161,87023812
59603685,2965339
-55675708,7934839
37369423,7735789
314525825,828505
27098316,0828394
123093327,547742
60860241,2524482
-105504281,212963
-78763493,4629544
245790063,16947
33832436,4068272
-166914234,754524
275098674,039207
-166326990,646731
17266072,7639501
-51884986,9376253
-20377716,1518767
-167400025,204952
86660155,5007592
17759247,4425862
-48834055,4023531
-67398220,4431371
93298970,5821828
136046045,537004
-90791970,2348496
-1932199,24968663
-80112603,3422985
124560833,023573
-205186962,12476
-73959407,6428671
-264332197,41103
-81353486,9065984
-96081982,6055562
90740237,0087167
-366067137,036876
-150754844,563656
-88249624,92469
-35438909,3629914
3044324,55630485
-214218048,886671
104304955,817426
133181139,237547
74507621,2774634
-121817314,821302
89791313,4568107
-175318060,172756
-172720006,749905
-122009710,791287
-253789836,619299
-52807561,6602326
-92978344,4667718
127208429,780338
-412041426,006343
-497406715,99227
-217873442,357543
-229622266,31144
-324262953,577603
-60929420,7372146
2855586,2935742
-162485095,98273
-34978254,578772
136221631,348816
9044317,23317852
-93705626,856573
59231531,7164089
-94522978,0163444
-138901680,733851
-76563531,9680535
-76584096,7690599
50806059,1893751
27721786,0494749
390512688,699294
61472036,6485594
-443161411,35427
-199725847,976031
-38949554,7757977
-130797389,292142
-25111288,6622276
250213174,244562
89242309,0598875
-63571514,7641218
-116918542,792817
102190028,202976
81192069,9266987
-9869271,68163933
-53410525,2410882
-117590097,412986
143593262,306389
-72645307,1483968
230857697,582366
424902476,008782
177734544,584492
99270072,8070704
75391763,299683
259540030,872864
-332745609,242364
66827808,518559
38331926,4305712
86084514,758812
34649667,8255246
17533052,4121698
11661868,1454818
141127877,659945
247309978,63572
-272505063,328031
-9866412,20039744
-73022289,7285538
-126095431,376505
122506186,292904
26165467,9661378
-7711598,47310127
-65391591,3313412
98841516,5565785
-174289976,292623
-337682144,240795
-152228438,943142
43396273,5321569
-43117270,9684003
-23510457,2608894
65838032,8108552
-141064659,595681
-8899167,07448334
-140221265,284405
-118133451,219699
267255162,039798
104791546,934986
8756203,4755666
-37935051,504293
-94787707,5863454
91624920,4566426
-70827842,9346827
844260273,71572
-199874898,869024
-608473820,394281
-85004764,99304
97156034,1119382
-115445235,529165
50825445,1559398
353742148,632113
-26047837,7644214
-63232071,8741401
-74416733,6615638
58390827,2076059
34935652,1911154
-35535492,1623439
-60933724,1246038
-123567083,278063
-69651353,36647
-148079120,504957
-198484882,474126
112130426,569175
16863192,9929607
32965596,1792998
346346658,69934
-68190490,3720373
126403371,716773
-37088716,5680209
199307543,096641
-203570857,11531
-5945651,18541343
68991730,6084759
125405762,559756
125723403,135454
-168382924,864169
78960031,4653869
-262285594,037117
169286963,630645
151017567,689561
107022881,929734
103794712,519115
-98755748,9713723
29837099,4213972
-130008674,89111
154947670,690734
-35372622,2793646
118036289,974747
-26659793,8986028
96806571,9133611
-116903007,198878
35455977,6347752
151342690,526154
-324977781,114469
-353019286,391533
-915153858,630035
837434475,948117
236201417,806636
-39994994,0739668
101687040,80933
3591985,36245797
4783806,07054564
130670488,960405
569786267,187396
-519076188,279934
-446814283,648447
-5596065,31220777
39184707,5274632
7049321,57358227
77192049,7196718
114021199,287861
-64739162,6997414
16326662,3406398
1209878,14416181
-36163787,3339323
41359359,0163892
-41876981,1125691
-163482635,838929
-123376985,791976
82367793,0396942
-134686542,694212
176099490,232115
40077205,4805525
100056219,299163
168743409,444378
-137517011,734991
-20266649,9973507
-627635323,652353
52262892,6518946
48415966,6369348
13228094,824456
6751437,89345598
-46661557,4157368
115322922,707437
24716625,9364155
-140303957,336571
-420536350,546792
-9559177,69363068
-81187625,8813237
-39735015,8086352
-126130872,062139
-229050010,666579
23886173,2801014
-397503940,558052
-171675628,128933
124781048,782451
15536181,5980216
-63398210,2006468
48418667,5883473
42559433,8701414
-15675805,0736025
230307512,940376
54589198,1138733
133478615,976782
-596053440,077541
-1190963649,64011
1023987096,93157
411784139,526538
47827789,5843342
272037387,646993
168123865,429253
112773,392082661
-33485140,8718727
187016960,073376
-711479057,292
32822056,9061462
39070976,3584631
28159482,9574049
14271511,5701369
-22481352,7470864
-111043835,082088
-23352672,9740976
-96143946,2637103
-38676058,4990091
22591410,0483452
-34080398,9386314
-21974362,3942609
-139132319,708399
-23530054,5022997
-159576781,331736
113059752,814992
-156523178,234296
172253130,594448
-11663033,5112948
-154904037,259391
77355960,3845122
-102386373,508069
-60086017,5334205
-432245766,12752
-249726141,333794
-140403062,705315
-136751711,760112
135262577,0196
-120226439,584466
-72846271,3734604
139186517,616214
25553409,8672961
-286474511,767723
-239145610,191486
-100113620,80914
94578361,6959595
-133773109,663456
-1066983642,17324
-1082881404,99836
854864486,745115
246521644,1698
103012224,252879
56423685,8544113
114302650,230805
-8102428,69900189
172203419,054529
132563670,087122
282435975,198903
-40450106,8315247
-678034877,688137
-74236788,830459
356082248,276839
143948606,152203
171522374,679652
196780089,739616
46126136,3507455
125408143,258774
-25423272,8686633
21996619,8314595
-269903005,946142
262927529,104554
19713087,8174785
-8899273,92675065
-40144224,4903712
-69322524,5310657
-98513353,7650163
-20852814,3172497
-46315602,7362079
-86579245,8836995
174610923,037715
-90854628,335746
9700699,15648714
-48258434,4907207
27543415,3767435
62309520,8058139
158644483,020023
319586917,130373
107660129,993271
180581684,601593
370405805,686284
209189547,076824
257431490,242421
257308978,301625
636393464,799225
280239164,336357
169927989,548611
314721634,669121
247722393,450986
173399177,881184
219331212,975284
-17432415,3601617
-99824589,6166122
-97631658,6093377
-67768535,9662654
-142382024,49959
-196446901,657547
-360582904,070461
-398474873,888114
-919749053,562738
532872085,223765
344049273,417488
48523692,5035758
24046138,2330731
-11024690,1141393
70945287,3468117
-28940474,7485428
53498506,1995336
-56068130,0647442
-241317806,565908
-331517086,716725
527040487,884037
241575373,654988
17910591,0153656
63323687,2688948
71391199,9257018
2284795,68507842
118452425,746948
-79937369,2862318
-270358951,916489
291118403,637636
108933673,274862
-6162823,37490609
26553015,2745788
-51401496,9466776
-171876861,65095
45791806,3460409
97618863,8423807
33716522,2979138
13497568,4976143
186690722,48809
35532585,2967095
10815594,0301368
18639020,052494
8020970,00125806
25092724,2146692
-90612183,0477472
-169480075,179962
135132485,439044
-75146531,2689637
-227313971,01946
78992642,9824697
7702199,94767117
-94150307,4957413
90494903,7159866
1857627098,77819
-148016906,90385
-87676289,0536292
192339077,458532
-963420,28928822
-70971884,8336329
-71000378,3951181
98261229,8652889
-16597811,7614938
99880473,3405641
104715471,43717
134199584,940204
-77711521,7288696
-384255128,425264
-19535592,3103191
142141474,130569
-98722781,4893396
-142543667,063727
126640824,58336
52277505,2978226
-3232844,1183238
-3563506,53034694
-300584062,341456
-171048306,642697
-119858093,397272
-48666395,1799666
281641343,168335
106009393,775502
-85555820,8197266
6101565,7930944
142878849,476087
-6541117,07021579
108375230,757901
132464826,958671
153876010,354261
20759240,6624161
142066123,821824
27907377,2145564
-10348952,692043
-36069986,2723661
-76740363,9193837
80272693,337173
99035165,7341144
66939190,0813964
108788818,314708
107712303,064479
51770689,4234329
70382661,6810329
-1820504,92110989
-21772076,3289051
27991757,1599101
183140878,94348
144739076,126401
-134528875,084745
18259974,7805582
91209589,4495076
-104437919,740429
-45341064,6543802
262067252,990405
493194005,667766
1012655657,30295
-19296659,7436345
-56475359,3855907
-239685063,409218
-200749669,984103
-127654062,754765
111157148,186146
55206899,1278389
-83419554,7440008
-2149707,34769673
-56809100,9003399
-30011828,4113646
93437758,3301962
252918275,895518
274419687,945606
19998726,0531075
-162654525,626894
-25663795,8943999
-93473180,3658046
12172985,9175073
153018321,132986
-55272899,2385556
-202818443,927826
-15205413,3097878
-46428706,1888059
-55975109,3161772
28002721,4996021
62848674,1484721
45731494,2642421
-55593710,2247394
-11680623,6701286
2382602,81939581
109863524,437207
76618952,7052756
147205361,261183
-194386914,680289
32745131,5659639
-122492728,545284
2094760,58061919
41365917,6730763
-1416916,82258033
6030718,66697795
67913090,7137739
107628220,841018
140201230,600947
46019027,6925708
-38277614,4220736
-5894408,95749125
-62635205,7703136
-83059933,4758246
15241000,7233063
-145837701,506189
-246053671,691926
53834840,4747293
-88929083,4417574
-170116806,26723
36403800,0933208
120569840,557458
-79496128,2364957
-308107487,661335
-287914135,180032
-235367942,646986
265894051,995243
635938,631783627
180564635,919495
341696712,10847
-43130426,0552069
-287607006,368433
-142302215,848624
-332405020,570222
-158355691,234516
-20085213,2451836
36837271,190414
161570791,16242
-4663253,15533525
-67768772,9764721
-38079707,6889863
-198142342,149732
76980079,5364815
7637577,16202526
-72627705,0668074
-15150776,0925414
-110139633,94619
3734642,84548694
-43962112,3430734
-93671004,7745626
26513496,1815044
186323266,634605
68305103,3905911
6871226,34849067
62852141,8759575
-125362015,222863
7744274,86941835
38909703,4599531
-203981204,117713
-131610703,093306
-46947457,0267287
-83048904,0970025
-21076477,0200479
63448941,2407725
23601220,4080494
-12505148,6848565
9322093,42808736
91802996,8943835
63686929,7978556
-19677178,416285
-87268181,2580723
-35355505,346334
-66546125,2690726
-67306624,9334702
-6750758,58543556
22540875,0859352
150262271,084319
-186738431,074365
-54270702,7587369
150382783,774799
-30857522,332358
-82253566,1494996
14969204,2992977
75261051,0805452
247249261,133121
596500690,969495
10221379,802633
-144915407,291767
-25335313,1873744
194256192,400975
214771346,282034
199096356,402176
235228747,51611
28384068,1922624
137587680,958767
-73642197,9889077
88751383,6862942
196587205,65614
658732912,763382
106575855,121664
52896017,3883899
96542084,2016568
189209590,053359
-143112351,722329
-79914270,8294544
-137376328,016731
-160703476,578286
29917583,1568505
8516669,10969063
123689051,034928
167407819,110588
110840753,266229
98787119,549556
50820354,1006489
-77675043,3533532
-228105488,266005
-43705373,4079623
-38142987,667935
-254213237,504272
183171348,785377
-260748995,758013
-48496923,3844297
222954151,784219
31134928,2059732
-6003639,18300089
1033674,74623891
284783,317390251
88685287,316602
22196693,3922396
-32759733,6237593
-138857646,358191
-19522038,4085241
-68188708,2245644
-53107841,3516389
-60508214,4313184
-32521841,4667801
-78950620,5504297
233023115,604517
49880553,4709367
-40619229,4303377
87802102,6968088
159995551,860524
426480138,830342
-21872541,980748
289794895,330647
-331941057,668548
-48647886,8012289
-126856676,328646
80179689,7186488
62278840,1634877
-144481252,522423
-80894525,7283823
190615461,774586
115743390,115869
236140915,095126
359482241,62772
444762146,654541
255909544,884796
-12534964,5810063
-1842044,79052946
174030830,091212
-77436027,8981027
-142843646,141136
-137239619,683672
-185981633,497259
-94321919,7811459
-36007032,1091008
14885941,9333798
118690191,125978
180220162,162884
260308845,675955
-58611451,4392181
12945430,2553975
46069319,2355035
-39692771,2792412
36954930,6059844
42859861,1127464
-68338801,2800919
155924422,559303
-35024923,1154748
-35420086,5505934
138696485,628325
147183514,769972
49223197,9766943
-52771540,9122887
-27964205,5228493
48479128,1338725
75258488,1532336
80270101,1690944
47214710,6553733
-112689848,541683
20892645,4259998
-81355841,6796747
-55248247,1710172
83663676,4676117
-75522899,2954574
40084738,0803856
-44528871,0081849
-30051848,5006564
92607729,1597589
66454570,7004958
10403335,7006543
-388900579,44458
-196026392,505545
-365496529,833503
570905998,696809
-162420343,814679
39859391,7380438
10014362,2315145
28956942,0004807
88395888,260486
-123319832,53138
-9652857,74705504
-102787880,755201
57664904,2068485
-114366733,584112
-108484982,100241
10742618,7763959
-143356031,602056
-66529189,5652094
-121546331,095137
-94697921,3010005
-65506633,967721
-174235956,89531
-135799741,024377
-271663340,698124
107698254,362596
82290438,770113
303792830,338628
78045487,4417824
139871436,379169
-183253466,561185
197587393,399231
59750652,589644
269405080,710241
214928099,320828
195053746,700451
269117063,150739
359503446,849614
82408390,7579266
176382437,9772
94191695,609668
77961118,9820469
121418198,857643
-30036534,8931707
-83118100,4282388
50137870,5136096
94511044,9027463
33799135,3569562
-29283086,6779753
-50203264,2968071
-3409377,67924594
-95852202,8861088
-42830469,9325341
-120461409,391166
108953141,626521
-2258723,9041083
137022153,426864
130404755,581026
215021768,948597
-29220604,7953705
68792670,9357571
424630039,064899
276728435,532372
1188368224,53114
-143731375,900723
239122833,641231
142617909,064228
116963573,43183
39571291,238208
144205915,405236
-83199118,0524519
-78125449,6407813
118821590,157665
-106845181,28056
80216479,7405677
94271816,1978498
61992724,7997994
382417830,305947
92468612,1316077
120126115,081817
-22636990,906538
-12608460,3178227
-65829541,7454365
-62586894,0741987
-485793,082196939
18516075,7468511
127689122,47585
-137169457,347267
71002435,9248733
-36006674,4542501
68441891,3396961
31718672,3628063
12376081,4930276
140750513,444515
134533390,516229
66556706,5606657
59012202,7676469
170930501,81098
48797883,9213933
258250577,873065
74865467,7234589
-25370965,3541916
91782190,5873576
-117926966,602818
-70743942,3476866
24590770,0180662
17331317,2175547
-64907212,6670873
-21530622,2519419
-7654249,47803245
-42344089,6639882
-8673095,69037123
-100330924,50948
16648723,7196091
-24566946,9055493
152297730,035302
356812417,048417
157417615,208865
-3763715,44038228
209386788,962058
37549001,3534946
222920872,425816
-263065973,615769
-611619952,742963
321798567,666125
162153796,880225
-196584917,642955
-21906737,5262016
67698859,1924908
181426359,600055
285404113,911032
35003955,6339542
-182357781,711576
-34109044,2815999
181366965,373436
238076899,984498
215974538,859248
-154745923,167253
124811190,307434
-8555406,48327295
148613893,800026
-15292627,4179169
69068205,0189679
-14108081,0427303
-30248236,1990223
-21019779,5465752
108321151,924969
97970179,651987
257001458,138002
137786004,102876
100850459,768397
74242155,1476272
58554520,5862457
-163631936,256069
10194372,1186802
103019784,018255
9705269,64884261
106000636,082417
114998495,912826
125459991,393623
-169730580,866638
-38915297,6740505
-62355833,438173
-29003603,0219532
-28766702,8814639
66574000,5991903
24480590,0912654
-78756401,1406291
-11977320,2381937
-4374947,34231565
30603115,834237
21507815,8580568
-34363130,9750134
52814584,7892739
1237368,63876231
-60030861,1834614
-174884827,621934
-34574155,4566951
21983647,8007299
-124646419,469467
-92628554,433499
142007970,850056
564012526,304865
563219704,54686
-504032411,675975
30551543,6241008
52003719,4608236
7563881,8658642
38489993,8626804
155839498,068916
-198509808,423093
266244028,679753
106963940,437873
208138776,658961
-48612576,9360137
-53004469,7128274
10341100,7995226
62751172,3271509
26593857,0388344
-28900895,0088759
159702561,885063
81156207,9004534
-57061075,3232592
120737236,068088
175725744,660995
-60399392,6350261
77832439,0865752
251340737,420931
167605313,349761
46162452,0815053
165444958,689053
42372028,2963529
113777265,874722
91041712,0303271
76462268,4897462
167242698,88049
82892477,5140581
62319753,7326495
-49907065,3217257
-89970077,74891
-67568718,63609
-14471176,5770484
-32719416,1087633
-91196782,4911937
29236176,6059082
42490293,9215907
-35091373,2568157
-70226150,219948
-57245928,3755499
29073779,907371
50701733,579572
-11435238,8460769
40959752,8326591
7358625,12504411
-24173349,3949691
-52273333,5471583
-6986469,95823297
-181757966,658006
-51172021,8070769
209048984,302416
279167307,734678
823945293,134033
232626951,367997
1073702436,42924
-756395947,171681
-29073191,9298946
31641972,5574998
-79612215,0044071
-367440346,814515
-186464565,640922
95650216,8268137
-144290332,577752
-17543711,5218221
120432753,370041
217106907,005554
-40541197,2113653
175851080,524855
120007476,676388
36444720,2928619
216388298,645905
183205664,241591
-110631551,958804
17480265,2804639
-133672043,594773
25542088,1226214
138950515,849019
119283645,060292
-32213550,4582276
85174273,887863
24321920,8321055
14989958,2967288
37721429,3453037
17143878,3320608
158961650,829592
66657015,9492714
48395622,4952523
100342200,209342
141358187,719466
-101355052,046713
-8550170,88298457
-53005090,124395
24257821,3685911
53051078,1420669
20571145,7885923
20335619,1424373
26450567,9780828
-75290630,5003079
-105020209,799179
-47374721,2356812
28683044,7937642
1454138,27040224
-54204754,6336995
-33518693,2304336
-29184612,7060772
34597900,4819495
27103589,7596189
-15245908,4173302
145360069,148282
-91434279,9311541
-206789857,659826
-113719543,806171
-105078041,076211
1142568606,56208
-613576534,049207
-319123498,334478
89572744,3426116
-29821694,3287297
-203149640,624377
-100276323,17478
-150366038,392512
-301113326,116808
5159125,91261687
29715340,9876992
81924597,9196862
20396341,9175741
374939958,109194
177469776,588769
-28823146,3583287
-1683933,29506913
-83290741,3001336
193381923,089064
65719421,5421542
-30726801,4687176
-209284507,107446
85025964,7686501
34353298,5420756
61857908,305859
97876866,8754236
161184322,290529
-110446427,845161
179844923,044104
-17085363,0342489
42208085,0289252
-130410475,824284
527617,948578653
-209867580,960493
-80255094,309258
68610712,0855995
-69587076,3644658
57721967,124274
-6227439,84251444
6093415,10554138
66241928,109642
42659487,894375
69292885,5187788
17905644,3732401
-99186006,8508585
-74756415,7131487
-55558661,6592793
16525804,8697806
-57099077,847968
-86444664,1282369
-52510562,7168726
185578211,58074
-74661324,099228
48174988,780697
86762679,7199244
-102043315,369888
-75647149,6608374
92768344,0363348
303200586,368526
128243058,237197
-769995415,777867
788897593,918485
150387918,578811
6887310,55910079
-36976153,1337676
-260407901,822372
-414657133,717776
-273535712,104093
34997553,0880368
154033911,562557
197662593,050697
70827773,6375012
11989727,7004886
-57240928,517689
-117258780,154785
-130103697,657014
-154314711,282952
-16945727,0889288
-159357404,99014
-227634692,456887
-36407101,5201265
-54606223,813912
-124029784,05956
-124858406,333186
131331695,057773
-70478895,4210038
-86093490,0050358
90019750,5080861
6454919,26783443
-93679441,6938052
125844067,831125
-100851596,40139
-33374979,2077455
-184785289,37453
-67495994,8332952
-92018208,7061714
-64511480,089525
15516501,5929694
-42312510,8698555
100662554,730898
8005817,73602467
92284521,6757352
-34767114,1188619
-11870655,9066613
14718498,5565514
-9381370,23441704
-43082339,8894868
-29665223,1117395
-77760846,452594
-108322709,17092
-73383980,7360786
-15795761,5756297
-179181620,999325
-47161538,6574657
74824317,7374844
79796878,0995863
8684343,23369121
-209423019,396308
-207956779,404646
-136369874,42733
179935966,289924
-717059017,083843
326406918,768814
74550366,6970808
283411185,262088
74987066,8601515
207277575,951327
-44240173,1513429
231181914,831022
68116393,4338668
-101163806,806338
320784207,768038
-170701843,854848
-170431835,751316
133074771,424039
16705591,0226005
-166888878,771281
27106320,6153282
-221604296,227263
-288941697,484486
6063937,98919708
155382049,024364
17369665,8389544
-33200982,4282624
-134755365,386422
26086452,4692824
75160440,0551007
21776003,9064087
196478197,02199
119297744,320488
145804474,805109
42838284,6059933
67927319,4208709
227125050,258678
25741881,344418
-194322578,595384
-328836528,389342
-44068758,571473
-175452239,28883
118806061,671593
39813090,6224582
-51899465,9659036
86458098,6551317
66011329,4821497
-38420813,7815088
-76861868,4691347
25128293,1055294
-29787571,5102246
-13390338,4045283
-42609361,9849007
-78551529,86161
-39673314,0812639
-5182514,09086832
-126592409,362998
-52335224,8601305
-44978280,2799461
-34031338,0475943
286912382,035097
76850523,8773305
-354251367,869525
-270786641,783622
-79156461,1614933
-29624663,8151242
45371069,2759629
19738984,9586369
-39687657,7745807
-293566772,769708
-28104018,7370908
16395146,9091949
71967193,3096902
-183582592,65536
-70212209,1733907
25107591,5371285
258220557,871415
-123145250,677411
54233564,4639447
-211067734,077162
-17423809,7960445
141676265,742621
-141992012,127602
-102636125,506989
-79377170,799965
305772307,05441
372532657,871938
195092231,701371
53318232,7343208
185279654,681214
311459693,876269
333366591,052185
85804783,7620617
72630178,9992031
-9171988,12787351
14212114,8797795
198323445,694402
10750049,5085154
114677197,791371
-42347871,1051082
39096949,9196557
-91646304,2251015
830004,959851516
78881,5960323326
-16435167,4643245
-13591107,4506802
35632559,6820457
-166053161,88918
-121659385,874153
-42152763,2969227
-38941716,7432427
11590229,3334536
-21653827,822963
-35244617,0094286
103165855,827692
-2590647,63581981
-9784077,03729411
133075178,220836
148923711,861286
184927921,31901
-2254226,46073076
45025819,1579475
386643205,996162
220184627,393795
606058436,891125
114540043,47055
9202858,08497537
-172649940,187126
-55771072,6496887
24283436,126656
-101220031,522839
-74615907,2775782
-25709226,3422108
180746058,537836
28255128,7738055
165821945,056297
191745332,861062
19305050,6337132
28125716,9770267
47192518,2157064
57178132,2598296
-168562625,492611
-98861594,7990977
-116047056,273837
118060728,264734
149461109,670976
130472191,482483
270006300,423232
211613712,372202
176998573,477801
198161200,050138
35768347,4358591
-152102873,487559
-11838636,6551319
111288089,253085
250979944,084479
39124769,0348175
76979079,2667037
72909769,3261041
135606074,997591
34912044,0487108
-65036315,1952866
37792492,6958898
95062244,8248407
83673221,7978034
25363848,0583937
-135250819,799192
-97003360,6644998
-24853901,9060122
81923731,1761162
22361516,302816
53367285,347512
-68797641,5730592
-16424908,0430469
90651169,53983
-38623570,0434005
116503395,008925
-177121719,973999
-223013861,136787
-191673543,14041
-148262856,610524
-86156899,5586656
-279380791,887953
-269787287,758094
242626333,191402
197136786,350266
339308845,05591
290268286,311329
40221491,6582647
-30845538,0188752
82898420,7763653
70935331,3205331
-41324418,1843976
84656143,6068893
20849709,8982431
-62042833,8424489
-64425850,1150041
176276368,180049
101057646,166323
98285487,8131072
-86684968,7865315
-106885048,902966
-299032278,43695
235234665,230685
58165818,1123303
-123655195,996163
137151847,310278
73876739,6191225
34224109,4031225
231788783,665578
-167960420,795416
-161420005,08052
-4708060,65502952
184083800,900186
123559322,232577
141711016,626096
156354385,388156
-50217483,0138487
205089284,57532
182705953,902138
37944380,5761043
52585586,0626682
300327976,300115
162985608,193151
-36655926,4580034
104770294,51378
-199136048,161479
29537270,8773943
81080633,8811242
119284934,943403
-15505471,9599331
-5998678,80409707
36475117,867458
-25774188,957124
-33271263,3555909
-162459707,188746
26324123,9155039
433897038,667952
222930204,076545
135626881,999344
-212830185,238142
-58217930,0623066
213230073,018552
-10593928,3761862
-313092866,046082
-254543506,443046
-433589242,715622
-372002794,273023
8202060,91731276
-52206137,8459973
-89104112,8412689
-66837850,1250406
-123878617,317696
-284841123,711768
-19222968,1171024
-84043102,9738585
13838821,2389503
-72034242,6025939
117068451,156582
48292368,0286694
-277937806,106346
-176694037,376795
29308695,5041103
-287616476,430693
89662445,4010582
-193403177,999415
-213924394,264233
31173708,400129
-296169839,68751
-76647752,7324089
25569639,4889668
20458592,7460591
7633951,3739013
231903379,95827
53126122,4784515
5001499,38092957
-62130877,1146546
71835267,6377041
54272210,3116683
-67426295,184621
-77473734,3237228
200062015,815227
159686455,496307
53578448,9003049
43121268,6707178
26612052,7087988
-67303557,6282054
169350516,158934
-41017236,2644864
10800264,9549873
-123624336,271889
90970758,7326723
45765870,4967818
1314829,40909309
80711271,7630639
-149467158,832142
-350877185,23723
-332817866,44914
5124476,51738058
-113468412,178675
13978466,0034138
-92370882,9564518
-157184468,133861
18112652,4026727
91607180,6684696
-104457280,787303
186751516,561456
-4869522,9145401
-166318620,654875
-257045511,183497
61161357,9796627
319031479,77949
531202184,321993
130546834,844471
297536223,348532
172946002,337329
272879335,911657
157971485,981072
12378221,990056
74383523,6797082
396005714,927209
173887536,930706
102157077,998879
236421878,358318
-66750318,8191881
-171478278,207666
85360115,8491263
64525825,7107925
-165161394,335518
66439909,7930114
92217258,5117049
-107664768,474155
98711854,705251
-106190059,390863
223686993,252659
-36913461,3320368
-38500652,8218441
-2711378,02643632
-73264367,7613114
-96649904,8953371
152267596,878594
-64779183,38276
13638704,2469544
-107738934,286583
44986561,4547231
-124897476,943718
136449636,758938
16193111,8844513
-17248457,3180711
-65905481,6835165
-75737504,0142139
87852211,3517048
153755639,696185
46411052,3508458
142301797,167705
110866915,02083
61992590,5962022
-254745940,382335
-443265238,183564
-385794364,627122
-42821772,463278
-186892881,651961
-70939141,4463514
-18327592,6192816
-456629386,021857
-379441584,701002
-244680296,867944
205612647,948398
81767395,7481203
-41005009,4537203
228653542,060328
176674458,731422
-120925141,648401
190098338,232881
-136100144,971127
153571872,750416
381515939,511235
-8718674,68216456
110744214,919334
9008760,64714041
133048954,6692
-127304129,857205
-79438537,9437247
114874685,976831
24960125,670574
99598787,2558968
101067762,675856
-248789433,912587
-186965599,223275
-293565166,252911
-92519485,9686863
-27179781,9411215
49943658,9524162
127998248,308049
180892452,46633
151910461,053429
162634369,982348
177859202,60194
-54684978,0663628
-76072657,863394
209431329,418191
-21748741,2479066
166764653,134341
-63173722,2330528
-124830576,666368
39229324,8899667
210551812,386329
-9900828,01694861
48613037,0933956
-67009086,2222171
46424359,5841593
37519009,493636
176109370,127508
12776713,0731727
99774876,3972049
-219458815,961489
44233925,4418568
-202470751,859217
-59584013,3296393
-44137486,0605035
-70794171,1733874
88914093,3399881
-339987142,770139
142003198,430322
-47416841,5169478
-59289697,8377593
64089514,560853
-217953617,079799
-75139225,9604864
-12610654,3999653
-36114213,8663107
-95514286,7229683
-118273992,591227
-201329354,356664
-12314086,458531
-18669825,3374669
-158693813,475393
-90253613,2093091
-39823073,8979712
-131204970,16192
-88119563,3153196
-34160280,4506998
324715034,275537
67054559,017983
389689632,292571
264093245,508113
223590602,483885
-59555304,2963354
220624538,978239
229747111,179434
-49533138,3459301
279274764,961504
-111636443,187119
201958165,219334
16167240,6610248
88570016,5426398
235155681,453162
-13875870,5182698
-72353168,6024909
103607426,069213
-72400961,4253347
119748131,711577
3580792,64162739
78763384,1961905
32010878,010867
194995877,099393
69327072,7363947
-24550615,682461
64432311,4446789
5686318,65584387
-78084109,221013
-31425437,4520899
-26022622,9937647
-41447402,2394508
-49078758,1613443
-73069446,8980076
31683759,0137756
-199693509,720198
-5190268,80477493
18080959,909724
-83847669,4620785
-17162168,9953676
-148090235,959598
195337191,111454
238933890,508196
-27803843,2917288
-11858154,6399065
270901266,051847
253597043,650887
213185499,753024
147497850,493932
21048001,764066
57856165,0013231
27088861,4336533
-208495698,65526
-122142292,359583
-232885266,855821
-285247156,243002
-158928392,485764
65388204,0850149
-58183012,4347313
164403078,433998
-99590535,4102046
-38378880,1751229
52166881,5052809
-19174819,664879
36967987,524536
312606242,83025
256064985,501887
289765867,094968
205676343,704101
81885774,1601782
131884486,810622
86108969,7725168
195422877,865873
-97268876,8597608
-5359791,9524996
-87471997,8163573
-158543733,206219
74150092,6253603
134134984,83992
-16634176,1782932
-43446191,2147784
51556715,0140531
-59159165,0147762
44615228,1600422
-69811550,755954
-175236481,606766
-40990050,5947436
44681753,3214954
-108984746,707891
-55624750,5462273
39330373,6178311
30951252,2797069
-51076794,6452951
14408153,1535344
49047157,4024834
416197113,790859
-2044744,03203269
62900600,528879
-111149542,246594
176777036,310609
176812541,666466
42906923,0582596
591568420,366004
77814875,6655396
-162665824,071994
-74118992,1299219
-169507958,017794
-121125032,681215
-50428523,4735331
5035705,72631818
-110148997,434968
56269902,177002
213955894,632335
33757493,3157119
-23636742,3305072
21153804,1770607
-19558114,8493565
24270290,8879911
-32058938,4107485
-26986653,0919515
-21365437,9709618
-175027958,236968
-359661861,982849
-307932095,616977
-353298874,71882
-184932189,83643
208717020,216165
249577761,431256
159038013,415854
-24591930,8559255
177802234,745173
82325621,4104432
50206737,0505359
-20005816,5028482
-50503614,4642024
40797312,3048504
-38545473,7486974
84481096,3310603
-3755527,89141476
-60443239,4330565
-116862348,005489
-98324119,3618001
-110134183,132383
-141247000,001019
-119685411,922464
-136499141,3224
22671322,3906026
-8288864,30542502
-56659313,6568782
56288170,5868161
112480148,975328
-4978275,27835043
170891218,848967
-185858542,64608
-135149806,825556
-165429808,173119
144684622,72888
-76767900,1028457
109497731,653656
-116108247,936217
60378530,7190342
-230896534,813962
-110604745,822033
10206502,8866634
-98104985,3102329
-89833457,6628134
-113072437,391476
-33605119,9591912
-30680568,532583
162850866,595399
-50697436,736497
-85866752,070188
-29633314,4849443
52994334,176473
201609682,840163
335223619,062233
194284831,986812
45175648,1970087
-127263323,951826
-51110912,0541218
152423493,276395
-770947,353949935
-245340250,651367
-148761665,454757
-134574694,532769
-84035491,7919516
-161492597,849577
90915078,6694093
114754181,228755
32205076,4464199
139511749,582118
39039846,54048
604392,066040153
-18957701,5742789
16808829,1165819
81465044,9817605
129783326,625135
25688503,7053415
-141416792,310255
4882685,05618859
-20134026,4657288
-8066461,84151743
-8679673,48044974
-15548724,7201251
-70684896,9749204
45176982,7502594
75684588,4497361
-10754202,5894545
6063237,01323487
72904766,896768
18661418,985287
72208730,8668866
22336112,382114
109073226,373928
48994154,8301142
-92044507,2299622
-21945942,0603479
46302663,4717609
-130228902,25134
-235325849,955667
-26206955,6438245
255211503,578088
-82746058,6444084
225093876,16245
344862044,513762
-184936249,534004
-171103987,983202
-213023507,207359
-185959866,878972
-26824498,4571508
114760423,24319
24016786,319221
-170999514,100571
144550364,221243
203645799,963333
-10716448,644957
-91076661,9577049
46137996,2727093
52888879,4429033
6053583,15406551
184522465,882598
45020401,526071
-78091340,5344125
9674998,95534986
-20576660,2555466
7581022,42312468
36475125,5930304
34697320,7962576
97238824,5139773
120927922,119672
72828624,5315453
76504882,0667983
111619482,313422
-25343064,9062662
-55735470,783579
-63779863,3146181
46948176,7352082
-12094174,4959863
61366047,0436454
41303324,3449435
52872422,5951194
82814594,1366527
-106688606,031102
-22067305,4339697
-71923838,2375375
53337830,2540548
19936901,7191484
22946909,1655519
12711776,787341
-54793186,1025196
72875501,2448787
47992318,812529
-38538232,6690635
-72516486,9614992
-74005459,8592814
42756282,5474619
-38571193,2277525
165944303,554747
122256489,736976
-86718031,4160694
-742865390,983596
-529489837,234088
-1938100987,39603
721412121,509867
378121685,644618
101923430,657727
-18733517,5624444
-31102364,6606021
-92439032,4886788
-211399487,452861
-86127111,4396182
5424737,62967678
153052325,839714
65484073,2684135
101402573,882698
-30874109,8673534
154105098,299376
36355949,5130506
82685434,7249586
-9414150,14277291
-91887523,889635
-44669401,7556188
-24231646,7884618
-9123357,36347637
163019454,503423
105348109,05787
-34007802,6550139
73261169,014919
8013141,74421824
23303273,1030077
45196966,6479392
-116969049,035315
-83800241,1343022
28836316,1966722
59735925,5441611
58545947,2927227
130923111,785282
111578236,071493
166594392,950285
36466439,5300446
69922945,767783
-63861825,9034418
-80472516,3239776
-84339382,5559101
-23975926,4837479
37815229,7861827
-20112498,6428256
19885037,1521752
-15594940,3697941
5703646,77740428
-35483903,7804858
-69190470,2378932
2466270,97527591
-56049815,7115723
62233395,28299
-70298650,8900846
108435107,612596
-111216317,62722
254370535,002801
-121153954,147138
-376069527,479883
-907378618,179488
1689283363,85487
-666694,683655746
152041605,414216
177716654,955435
-34308247,4064534
-66245820,1110393
63856859,1840152
-112244414,205122
-260611416,730056
-76791274,8258748
211559363,322273
57863525,8843247
-173060180,131129
-96575345,1518615
76853072,9652063
-88181124,1245695
-30855582,3450544
5065779,54679008
-408003587,661838
-144557215,111999
-22417678,6418705
45066462,7122104
153172079,407635
-5059010,32381666
-89824247,8933789
-94870758,9582918
-89447656,0665761
37301635,437656
67342856,5299245
156230049,366046
4478203,3046702
81569023,287846
-24358595,941097
162798041,065708
124519639,796648
42927503,7656348
27085673,9543023
80494012,2426959
36882072,9772063
49282491,4114532
5671964,0274733
61252922,7146854
-27775333,7632784
26342955,731467
19683693,2901089
47797378,3033353
42940505,4614373
-96196543,3571029
-50405498,6019635
-113241125,430876
-8029668,01657691
437350084,658537
61631003,1411143
101792155,395139
9305711,67238908
-141681168,256733
242265124,87247
499856977,221159
493928565,687161
764862801,855116
1524323053,90098
-228265945,218019
-101633127,654281
116204860,991985
-120381733,532818
-348407483,19416
-1583320,92070694
-43941729,0303737
12481363,1644096
-48605742,7056397
-129610609,621984
-354409829,961549
-82391508,9304961
128534328,158796
122807371,603738
92618662,5454773
-150327527,76864
61503414,8583978
246257026,069347
52431002,1026349
22021823,0078171
-211222264,858165
-125559834,346266
-74163098,5646819
-92795616,2189672
284708288,400019
114167601,615977
343200828,420917
27509689,5389753
39906125,65539
-38661243,0056519
216747983,441502
228148410,886749
136350772,26708
21856885,2109815
-83103925,6399543
24896581,0374542
-120366356,635734
55323726,0064272
11763532,418865
-19215765,5219591
-792760,882678298
60608278,2290212
41555980,1806907
83619129,4196401
111669317,133983
26547069,0194338
-79855625,5270221
63930331,4445608
-14982897,3012007
-163598256,478306
63173076,711641
231905492,780225
-114604847,356392
-208196358,149948
22347853,6341711
102746104,758608
-526718713,181976
-425122672,323439
144174989,263605
397420661,473092
-457646773,560064
-891788603,536228
-500172064,782116
-124945107,503003
-92799583,3799799
233163053,40017
178436580,495076
-338821815,705835
26951943,164972
259351007,716402
78721309,6559651
124885245,043997
-170485696,776578
-71868813,4115102
29943379,8835177
229363624,88582
-146892737,026905
78249967,7421283
-118273433,677459
27989865,0439577
-186299795,426366
-109567135,771207
136025587,695699
221610633,856736
466378304,084601
122220176,231625
-92379252,1134476
-39224537,7661209
-202479584,590321
233240584,536047
50750005,4871699
152760319,292408
84896695,441731
-10191470,0491893
-78832119,9277837
58836721,5972444
46303762,5498428
46532411,3831702
-35903263,6232027
-105169355,167385
9354097,59130901
70059433,1049079
13089635,472306
40991390,3411447
2275427,35234836
-39617472,2206123
-68042105,9535358
46713534,0131217
-17302216,9002794
73071778,0891527
260499099,325458
-46098812,6835749
413262447,825931
-54001985,2429864
267150258,310708
20460410,4591195
218262606,444532
-616019045,902845
-133796687,709461
117378104,737003
-859500827,942369
-932583835,460545
-421729758,22615
-112688308,953053
-167721341,259259
302824566,022186
-262411625,38606
-358274822,130892
237769897,229306
65938309,5506641
-94965070,9520374
-75192393,2638332
-208945799,633986
90844217,6164947
-230665962,34804
659842414,941529
133127801,55359
33436622,6727868
-51745203,6261877
-256997410,344678
-103357927,143127
-119919094,859109
-117168964,179734
258477799,382827
-69068966,0486608
-297566905,411025
-339368152,116318
119993004,348769
-9295980,99296135
170096574,874762
-93415282,0641352
-78106314,2991494
-117648012,675838
-23608646,4178408
28840920,6452595
-24992523,5984835
83094325,9889487
19554899,8260299
2065259,54797322
-64842607,262858
98936122,4955056
89151797,6920224
87045870,8519889
40570326,4635507
12233555,0864246
-37032606,3094041
65112525,5522037
76172044,4645417
13378549,450935
-96470656,5430881
235698873,503099
188423898,313623
126217637,109143
337341753,575275
455981456,551055
-58895022,1592206
426183732,927314
17724813,7177697
-448563466,34756
711036203,330272
-282489429,701619
-517137826,661684
4270916,4553523
387404171,381157
-29752474,0392283
-438864085,180524
-382862797,113321
-274741447,981023
-137136932,401971
75496962,6653166
392939262,498091
355332158,898015
554765195,71476
-270485257,384766
-121663354,561088
122955746,234328
145555950,229894
-277144850,21172
371025038,64679
-151176679,533373
4588328,76252188
-62642823,2107878
87068010,8182193
5153933,19904913
-37190193,0555863
-128607976,721691
194031120,481385
94605662,443341
89416974,6825004
60643244,3229963
112851190,037977
-38605061,9508657
-117899551,349546
-22837823,0781256
-129190676,172351
-80786996,5565212
103130365,215342
66803367,5595594
69412334,5227764
3508948,70152119
-33374298,733655
39778025,3788094
6685309,31990424
28142305,9691852
44970055,9498023
27621292,2676771
90060210,5292743
24195545,0534619
46952897,5177138
-131165112,427935
309176454,039072
601704784,531199
14913827,9328935
33218356,40086
17993397,479007
334252739,295321
-195272959,677527
-2989552,65167224
-589742582,02601
631387076,200792
11888493,430841
-422401732,810984
242244550,540052
105035426,263027
-373333486,214736
277638872,110478
5392055,46993164
80510932,8327494
16744022,2224964
85136702,5654194
137935415,917786
74410193,4400382
-139091474,860703
-100511587,711157
-50659678,021169
-503723921,881999
-90082776,5863193
-425278141,013105
-16072403,8628519
-2199271,62141739
106050724,88514
98815964,7901518
484935789,822088
-63921481,4175274
-153613453,630068
-21782738,1811534
319224425,960235
190790835,534529
105950342,950564
-27385278,8188747
30817354,134377
11669621,0858735
-94197772,05918
-39508268,8366463
-67169914,2725599
-8188879,11945456
-40659083,9716997
112764266,294176
-43993823,7126029
-45913887,7160357
-61713335,8210558
-39608592,4037699
37521966,6609116
15750708,5347426
-92536712,2532766
-13180232,5589268
20735836,3111387
-70509403,5782002
-38714019,3749387
